   2.0000000e+00  -2.1239769e+00  -9.9955507e-02   1.6227850e-02   3.3363993e-01   6.3777866e-01  -7.9460073e-01
   2.0000000e+00   1.4849316e-01  -9.7165233e-01   1.2157942e+00   1.3463752e+00   4.5408666e-01  -2.4135121e-01
   2.0000000e+00  -3.0456329e-01  -1.8417876e+00   1.0966068e+00  -8.8129067e-01   9.7773821e-01  -1.9905259e-01
   2.0000000e+00   1.0050390e+00  -7.1302449e-01   2.4493422e-01   5.4574000e-01  -5.8888029e-02  -4.6220797e-01
   2.0000000e+00   2.1262714e-02  -1.1650611e+00   2.2169163e+00  -1.5056754e-01   1.4442461e+00  -7.4619664e-01
   2.0000000e+00   1.9464441e-02   5.7639568e-01   9.3845643e-01  -1.1270532e+00  -1.5193280e+00   6.3111419e-01
   2.0000000e+00  -1.2571090e+00  -1.0387304e+00   1.0675781e-01   1.1431644e+00   8.6120903e-01   1.8694685e-01
   2.0000000e+00   1.9888428e+00   9.5258429e-01   6.8769228e-01   9.3110258e-01  -1.6601260e+00   1.0579028e+00
   2.0000000e+00  -1.5292056e-01  -6.3794253e-01  -5.2389157e-01  -1.0837848e-01  -9.4897175e-01  -3.4830990e-01
   2.0000000e+00   2.7431048e+00   1.0915374e+00   1.0981998e+00   2.6299855e-01   7.4650528e-01   1.3669599e+00
   2.0000000e+00  -2.0373495e-01  -9.1670718e-01  -1.3520210e+00  -1.2237977e+00  -9.7341603e-01  -1.7105410e+00
   2.0000000e+00  -9.5751615e-01   1.3150624e+00  -1.7996462e-01  -4.7904501e-01   5.8794317e-02   7.0381691e-01
   2.0000000e+00   6.1282000e-01   4.3779100e-01   7.7499739e-01  -1.1146458e+00  -1.1955675e+00  -2.1977432e-01
   2.0000000e+00   7.3749544e-01  -4.1089223e-01  -5.7401245e-01   2.8331627e-01   5.6333240e-01  -1.0096033e+00
   2.0000000e+00   8.4915575e-01  -1.6008311e+00  -6.2846029e-01  -9.9351265e-01  -1.2127033e+00  -6.3320684e-01
   2.0000000e+00   3.1758948e-01  -5.8497827e-02   1.4210623e+00   1.6817367e-01  -1.5157756e+00   4.5477829e-01
   2.0000000e+00   2.1377205e+00  -6.9012208e-01  -2.1279596e-01  -4.5089713e-01  -7.0878730e-01   4.4308674e-01
   2.0000000e+00   5.7539871e-01   9.7602441e-01   2.0539133e+00  -8.1326543e-01  -1.0570838e+00  -2.1122681e+00
   1.0000000e+00  -7.3102506e-01   7.7604075e-01  -6.7995566e-01  -9.8827250e-02   8.6893232e-01  -4.6675755e-01
   2.0000000e+00   1.5870021e+00   1.7553993e+00  -8.1013821e-01   3.7284017e-01   3.4602047e-01  -1.8604648e+00
   2.0000000e+00   3.3397252e-01  -1.5607631e+00   7.4454406e-02   2.9588490e-01  -1.8778822e-01   3.1120886e+00
   1.0000000e+00   6.7058495e-02   2.6418842e-01  -1.7878119e+00   4.9212571e-01  -1.4259725e+00   2.2726785e-01
   2.0000000e+00  -5.1042668e-01  -1.7564943e+00   1.1357280e+00   6.3516925e-01   1.0531500e+00   2.0353336e+00
   2.0000000e+00  -1.3204960e+00  -1.9461125e+00   2.7895126e-01  -1.0665210e-02  -8.3244199e-01   9.1341534e-01
   2.0000000e+00   9.3750456e-01  -1.0128763e+00  -1.1660559e-01   5.9227059e-01  -1.4019358e+00   7.4850589e-01
   2.0000000e+00   3.7723453e-01   6.6014253e-03   6.7067506e-01   1.0515852e+00  -1.2336772e+00  -1.0662302e+00
   1.0000000e+00   6.9960051e-01   9.1039661e-01  -7.3468498e-01  -2.5957043e-01   3.3845166e-01  -6.9712569e-02
   1.0000000e+00  -1.0068342e+00   3.9995311e-01   8.0785729e-01  -2.3524411e-01  -1.6787046e-01   7.4535979e-01
   2.0000000e+00  -9.2647271e-01  -4.5513587e-01   9.8569258e-01   4.9942708e-01  -9.0660800e-01   1.4573236e+00
   2.0000000e+00   3.1505258e-01   1.1286397e+00   6.8055778e-01  -7.0103541e-01   4.9295567e-01   8.6566008e-01
   2.0000000e+00  -1.0561537e+00   1.0624131e+00   6.5784549e-01   2.3601161e-01   1.3963173e+00   2.8339345e-01
   2.0000000e+00  -1.0602930e+00   1.7537039e+00  -3.7491798e-01  -1.4502152e+00   4.1898626e-01  -5.2250773e-01
   2.0000000e+00  -6.1554929e-01  -1.6805883e+00  -2.4636472e-01   6.9432384e-01   1.9998850e+00   3.4675894e-01
   2.0000000e+00  -2.2403858e-01   1.0229334e+00   6.5433228e-01  -8.7195932e-01   6.4357975e-01   3.0287375e-01
   2.0000000e+00   8.6721075e-02  -6.5502847e-01  -5.1647214e-01  -1.0967235e+00   7.5891660e-01  -1.0273131e-01
   1.0000000e+00  -1.0721405e-01   6.0372904e-01  -3.7189136e-02  -7.2379709e-01  -2.2896760e-01   8.2281878e-01
   1.0000000e+00  -1.1804386e+00   2.0389359e-01   1.4765799e-01  -5.8019900e-01   8.2021029e-02   1.2567450e+00
   2.0000000e+00   1.0902237e+00   3.4064974e-01  -1.0454759e+00   1.1546943e+00  -2.4788836e-01  -6.0844036e-01
   2.0000000e+00   1.4264924e+00   1.1261498e+00   9.3863248e-01  -1.2464180e+00  -4.5118914e-02  -1.1073839e+00
   1.0000000e+00  -5.2496065e-01   2.1550441e-01   5.2154651e-01   2.9201301e-01  -1.0972519e+00  -2.4534050e-01
   2.0000000e+00  -2.8119266e+00   3.2173777e-01  -1.3036295e+00   1.7500357e+00   1.7008222e+00   2.3254302e-01
   2.0000000e+00  -4.4206189e-01   1.5124465e+00  -6.4957119e-02   6.8815265e-01  -1.6067577e-01   1.0838716e-01
   2.0000000e+00   1.7663607e+00  -1.1230259e+00  -5.9142476e-02  -7.1930079e-01   1.1401738e+00   2.4773864e-01
   2.0000000e+00   8.2729958e-01   4.2242146e-02   2.8267018e-02  -2.4883187e+00   2.9845675e-01  -2.8256054e-01
   2.0000000e+00   2.7897715e-01  -2.3178597e-01   1.3247229e+00   1.5095274e+00   1.6248236e+00   2.6814868e-01
   2.0000000e+00  -9.4650727e-01   3.4403504e-01   3.9255861e-01   1.3423577e+00  -2.3653374e+00  -8.4547300e-01
   2.0000000e+00  -8.4128909e-01  -9.7653251e-01  -1.3134783e+00  -2.0274151e+00   9.9219388e-01  -7.5052835e-02
   2.0000000e+00  -3.7693549e-01  -8.5206924e-01  -4.9361342e-01  -1.8411127e-01   6.3798657e-03   2.9525603e-02
   2.0000000e+00   6.2059025e-01  -3.9468773e-01   1.5702531e+00  -2.7863650e-01  -8.7881467e-01  -8.1554332e-01
   2.0000000e+00  -7.8403920e-01   1.0067832e+00   1.0098249e+00  -4.5310663e-01  -7.3987922e-01   1.6696366e+00
   2.0000000e+00  -2.5095904e+00  -5.6250295e-02   1.3816943e+00   7.8006252e-03  -1.2736119e+00  -1.7655536e+00
   2.0000000e+00  -4.7928454e-01   3.8283767e-01  -7.1800997e-01   1.3181583e+00   1.3005871e+00  -2.3084015e-01
   2.0000000e+00   1.1824708e+00   1.1194585e+00  -4.4757184e-01   1.1585992e+00   1.3297384e-01  -1.2567324e+00
   2.0000000e+00   8.3380660e-01  -7.4556658e-01   4.9754473e-01   9.3598615e-01  -1.7047040e-01   1.4519955e+00
   2.0000000e+00  -2.5114235e+00  -1.5443654e-01  -1.6916989e-01  -1.7811765e+00  -8.1912754e-02  -2.1148483e-02
   2.0000000e+00   2.4050923e-01   9.7730481e-01  -1.2459651e-01   4.8655093e-01  -1.0072172e+00  -6.7546890e-02
   2.0000000e+00  -1.7648868e-01   1.0401506e+00  -1.1079128e+00  -2.1005999e-01   5.7903863e-01   5.1316856e-01
   2.0000000e+00  -4.6856713e-01   1.8161590e+00   8.4024757e-02  -8.1357930e-01   2.5395602e-01  -2.0324498e-01
   2.0000000e+00   1.4045397e+00  -2.3814292e-01   8.3367386e-01  -9.0240732e-01   5.1081852e-01  -2.1092606e+00
   1.0000000e+00   7.5895050e-01   5.4848848e-01   6.9894814e-01   7.7357634e-01  -2.9124690e-01   2.4854187e-01
   2.0000000e+00  -4.9115244e-01  -1.3732524e-02   8.2390104e-01  -3.5436050e-01   1.3245534e-01  -1.4131900e+00
   2.0000000e+00   9.2405210e-02  -4.5559838e-01  -1.2481590e+00  -9.4668584e-01  -9.1119834e-01  -1.1413341e+00
   2.0000000e+00   3.2487674e-01  -7.1773988e-01   3.7657968e-01   1.3399703e+00   2.6424447e-01  -6.0425678e-01
   2.0000000e+00  -8.9910628e-01  -1.5274179e+00  -1.3308865e+00  -6.3660105e-01  -4.3011771e-01  -1.2397175e-01
   2.0000000e+00   4.2091096e-02   6.3388433e-01  -1.9448318e+00  -1.9074685e+00  -5.1882036e-01  -1.8671120e-02
   2.0000000e+00   1.8995627e+00   3.5751207e-01  -7.4259981e-01  -1.2108189e+00  -1.3617988e+00   3.5306086e-01
   2.0000000e+00  -9.5255903e-02  -1.1238479e+00  -5.2325116e-01  -5.4319032e-01   3.9460998e-01  -1.1268789e+00
   1.0000000e+00   1.4361996e-02   4.4181800e-01  -3.7896980e-01   3.4346650e-02   9.0512695e-01  -1.3278475e+00
   2.0000000e+00  -1.5869256e-01   1.4301566e+00  -4.2340876e-01   4.1605757e-01  -1.6982216e+00   3.1575608e-01
   2.0000000e+00  -5.9528987e-01  -1.7366359e+00  -1.0072419e+00   2.9994745e-01   6.6022900e-01   1.2293501e+00
   2.0000000e+00  -9.0163227e-01  -2.0928019e-01   8.9124684e-01   1.9787131e+00   8.4580068e-01  -1.6378788e+00
   2.0000000e+00   5.5586036e-01   1.3854244e+00   5.1120580e-01  -1.7676696e+00  -1.0852774e+00   1.0224755e-01
   2.0000000e+00  -8.8219633e-01  -1.1847517e+00  -1.2552426e+00  -1.4028069e+00   9.6990956e-01  -2.4818477e-01
   2.0000000e+00   8.5862156e-01  -1.1295353e-01  -3.0441908e-01  -2.3558711e+00  -1.4527664e+00  -1.3732799e+00
   2.0000000e+00  -8.2081067e-01   2.4898498e+00  -3.2010377e-01  -1.5041753e+00  -1.0149040e-01  -4.0950732e-01
   2.0000000e+00  -3.2083404e-01   1.1553017e+00  -4.5768129e-01  -4.1554741e-01  -1.7769018e+00   1.4888603e+00
   2.0000000e+00   4.1565157e-01   1.3855772e+00  -1.6348408e+00  -5.8993275e-01  -8.8054939e-02  -1.2981980e+00
   2.0000000e+00  -1.1268258e-01  -3.2650846e-01  -7.4065620e-01  -1.5326383e+00   9.9618212e-01   6.5560460e-01
   2.0000000e+00  -3.2461147e-01   5.1147576e-01   1.0839909e-01   9.4186315e-01  -6.4044036e-02  -1.5767303e+00
   2.0000000e+00  -2.8052998e-01  -2.3155854e+00  -1.6498089e+00   3.6846812e-01   3.6780195e-01  -1.7997538e-02
   2.0000000e+00   4.0560358e-01   8.2031878e-01  -2.0524864e+00  -1.4942643e+00   2.9414062e-01   2.0421169e-01
   2.0000000e+00  -7.8502793e-01  -1.3867193e+00   1.9597230e-01   9.9969397e-01  -7.4024695e-01  -5.5532007e-01
   2.0000000e+00  -7.0316222e-01  -9.9402130e-01   3.2010757e-01  -6.8564894e-01  -2.6663958e-01   7.6083329e-02
   2.0000000e+00   6.2362390e-01   3.3961120e-01  -1.7895662e+00  -2.2782792e+00   5.5754553e-01  -1.0047465e-01
   2.0000000e+00   2.8898560e-01   6.1499243e-01   2.4057194e+00   1.2632119e+00   1.3008958e+00  -1.1331091e+00
   2.0000000e+00  -1.6904325e+00  -4.4304729e-01  -2.4463327e-01  -1.2797448e-01  -3.1861947e+00   1.0379634e-01
   2.0000000e+00   1.9543594e-01   1.0923325e+00  -1.1399559e+00   1.2991231e+00  -4.5880414e-02   4.4891666e-01
   2.0000000e+00   1.1289191e+00   1.4516870e+00   2.4371668e+00  -7.4559428e-01  -5.0403792e-02  -1.6209397e+00
   2.0000000e+00  -8.4054603e-01  -7.2271682e-01   5.4846816e-02  -3.7950330e-01   1.2953340e+00  -1.0298933e+00
   2.0000000e+00   2.9287844e-01  -9.1148642e-02  -1.0278129e+00   1.7540558e-01   1.1759972e-01  -6.3808857e-01
   2.0000000e+00   4.1507934e-01  -6.0887320e-02   1.1358002e+00  -4.8571481e-01  -2.2739502e+00  -5.2562047e-01
   2.0000000e+00  -1.5551934e-02  -1.0481537e+00   8.7242662e-01  -7.3448458e-01  -9.1917928e-01  -1.7853991e+00
   2.0000000e+00  -2.3694601e+00   3.6791992e-01  -9.9481940e-01  -1.8411215e+00   1.2610122e+00  -7.8915357e-01
   2.0000000e+00  -7.7364375e-01  -1.9618105e+00   7.7488644e-01  -1.5517174e-01   9.5860878e-02  -2.4301892e-02
   2.0000000e+00  -1.2010061e+00  -2.4661898e+00   1.0307709e+00   1.0125125e+00   4.1095666e-01   1.4547505e+00
   2.0000000e+00  -5.2329331e-01  -2.2179772e-01   1.2009668e+00  -1.7962424e+00  -2.4051001e+00  -3.2734139e+00
   2.0000000e+00   1.3374786e-01   4.0896477e-01   1.8242323e-01  -1.0524754e+00  -7.4566627e-01  -1.0912313e+00
   2.0000000e+00   9.1631035e-01   4.1642237e-01  -1.7870066e+00   1.7327996e+00  -1.8789913e-01  -5.2112197e-01
   2.0000000e+00   5.4572700e-01   2.0182385e+00   1.2118606e-01  -1.1167169e+00   1.4755950e+00   3.5389503e-01
   2.0000000e+00   1.6773149e+00   1.9009118e+00  -2.3727842e-01  -3.0804634e-01   1.1261395e+00  -1.3176007e+00
   2.0000000e+00  -8.4102164e-01  -2.1702344e-01  -9.1433810e-01  -1.0074423e-01   1.1724770e+00  -3.7796449e-01
   1.0000000e+00  -6.4220721e-01   4.1318101e-02   6.5339904e-01  -6.1261041e-01   8.1413887e-02   1.6527899e+00
   2.0000000e+00  -1.1503872e+00   8.0750916e-01   1.1872280e-01  -1.2682862e+00  -8.5106935e-01   7.4648144e-01
   2.0000000e+00   8.7069486e-01   2.0934928e+00  -5.0129386e-01   2.5946372e-01  -1.6443586e+00  -2.1419642e-01
   2.0000000e+00   1.1840670e-02   5.7791793e-02   8.3578752e-01  -1.6963154e+00  -7.2986859e-01  -1.2030416e-01
   2.0000000e+00  -1.1581418e+00   1.0217382e+00   2.0132506e-01   5.5628717e-01  -1.2402210e-01  -8.0448868e-02
   2.0000000e+00  -1.7955819e+00  -7.2503430e-02   1.2747742e+00   1.0718476e+00   1.1111290e+00  -4.9986162e-02
   1.0000000e+00  -3.8194075e-02   3.6970252e-01  -4.9686093e-01   3.2716946e-01   1.6957612e+00  -1.0253711e+00
   2.0000000e+00  -3.2800749e-01  -1.0516889e-01  -5.1388164e-01  -1.0840906e+00   1.3326500e+00   4.2848355e-01
   2.0000000e+00  -5.8077829e-01   1.3683972e-01  -4.7863343e-01   1.6411337e-02   2.3528112e+00  -5.2591990e-01
   2.0000000e+00  -1.3590048e-01  -1.6895890e+00  -1.0752284e-01   5.7307416e-01  -2.8783318e-01  -1.6049833e+00
   2.0000000e+00  -1.1073942e+00  -7.0939632e-01  -8.4364540e-01  -3.9865613e-01  -1.6717643e+00   1.4595665e+00
   2.0000000e+00  -1.4230063e-01  -3.5937585e-01   4.9189598e-01   2.6072613e-01   8.2119525e-01  -8.9423945e-01
   2.0000000e+00   6.5370100e-01   1.1957418e+00   2.9690705e-01   1.2539291e+00   8.3113651e-01   4.0868763e-01
   2.0000000e+00  -6.1496232e-01  -9.8245467e-01  -8.6426468e-01  -9.7581311e-02   3.6659111e-01  -4.4048670e-01
   2.0000000e+00   4.9637634e-01   1.4647537e+00  -6.5474710e-01  -8.5033856e-02   4.5261872e-01   9.7536520e-01
   2.0000000e+00  -9.9946110e-01   4.1631201e-01  -1.2281134e-01   1.7566705e+00  -7.6516548e-01   9.2408074e-01
   2.0000000e+00  -1.6872987e-01  -1.6354533e+00   1.2978911e-01   4.7249414e-01  -1.4044599e+00   5.3623461e-01
   2.0000000e+00  -1.7458716e+00  -9.8886218e-01   3.4091102e-02  -5.0885310e-01  -1.4117087e+00   5.4321706e-01
   2.0000000e+00   2.2775460e-01  -1.1103844e+00  -1.1524415e-01  -1.4186415e+00  -5.1462842e-01   5.5027781e-01
   2.0000000e+00   2.3266319e+00  -1.7147131e-01   6.1541206e-01   7.5025317e-01  -3.7983548e-01   1.8553607e+00
   2.0000000e+00   1.6275067e+00  -1.0009942e+00   6.0305098e-01  -6.5821057e-01   1.7639825e-01   2.5304479e-01
   2.0000000e+00  -3.1872833e-01   1.9846654e-01  -9.8878562e-01  -1.2008106e+00  -8.3126856e-01   1.8864422e+00
   2.0000000e+00   1.3115168e-01  -4.3210223e-01   8.1896181e-01   1.6227035e+00  -1.3469964e-01   4.1393874e-01
   2.0000000e+00  -7.1064788e-01   2.1034701e+00   5.8867329e-01  -3.4297210e-01  -1.7046935e+00   1.7817378e+00
   2.0000000e+00  -1.0753703e+00  -1.1816856e+00   1.1617918e-01   2.2439557e-01   1.4035848e+00  -9.3317824e-01
   1.0000000e+00   1.3788182e-01   1.6047968e-01   5.0562579e-02   5.3284494e-01   1.4292141e+00   1.4075608e+00
   2.0000000e+00  -1.9156557e+00   9.6894956e-01   1.1087610e+00  -8.6876313e-01  -6.6406405e-01  -2.0035712e+00
   1.0000000e+00  -9.7046901e-01   7.2351281e-01   5.2073768e-02  -5.6859820e-01  -2.3792142e-01   4.8662855e-01
   2.0000000e+00  -1.2932827e+00  -7.2886679e-01   3.4375751e-01  -1.1920541e+00   8.4186766e-01   7.1127181e-01
   2.0000000e+00  -1.9123829e+00   2.3252767e+00  -3.3316339e-01   1.4204624e+00  -3.4225822e-02   3.0397445e-01
   2.0000000e+00   6.4518537e-01   1.3865262e+00  -5.6992933e-01  -8.3267806e-02   1.0531717e+00   1.4440562e+00
   2.0000000e+00  -1.3495361e+00  -6.5836473e-01  -8.3817851e-01  -1.1910810e+00  -9.2436907e-01  -5.9047892e-01
   2.0000000e+00  -6.8743628e-01   1.0248981e+00  -4.0601842e-01  -9.3493492e-01   7.6195977e-01  -2.5091825e+00
   2.0000000e+00   9.9530624e-01  -2.1548788e-01   5.8929420e-01  -5.8252234e-01  -7.1986793e-01  -5.0682046e-01
   1.0000000e+00   9.7158675e-01   7.2339951e-01   6.6346249e-01  -3.1967986e-01  -1.3389079e-01   7.5127132e-01
   2.0000000e+00   2.6343930e-01  -3.9746874e-01  -2.9309316e-01   1.2547188e+00   3.6930031e-02  -6.8836476e-02
   1.0000000e+00   1.0241400e+00   3.5505381e-01   2.0821426e-01  -2.2345224e-01  -1.0580468e+00  -8.5150984e-01
   2.0000000e+00  -5.9821413e-01   8.0477897e-01  -6.2269724e-01  -2.5819426e+00  -2.0579008e-01   5.9813235e-01
   1.0000000e+00  -2.7749611e-01   3.7975591e-01   8.8262957e-01   8.5363407e-01   7.9367101e-01   7.8171798e-02
   2.0000000e+00  -6.5257063e-01  -1.0621003e+00   4.3399499e-01   9.2142583e-01   4.6485011e-01  -1.1101142e+00
   2.0000000e+00   8.6704413e-01   8.5577619e-01   2.6757355e-01  -7.4387826e-01  -1.1039898e+00   1.1747737e-01
   2.0000000e+00   1.2326965e-01  -1.3308647e+00   1.1236346e+00   2.0375385e-02  -1.2615728e+00  -4.6993804e-01
   1.0000000e+00  -6.7550060e-01   6.6217101e-01   1.3513025e+00  -3.9734518e-02  -6.8755900e-01   7.9798438e-01
   2.0000000e+00   3.7632585e-01  -1.0383554e+00  -7.0923524e-01  -2.4458825e-01  -1.0796645e+00   9.2960090e-01
   2.0000000e+00  -6.4670643e-01  -1.4968938e+00   1.8279135e+00  -1.1548110e+00  -1.1799464e+00   1.4649594e-01
   2.0000000e+00  -1.8501121e-01  -5.5820092e-02  -6.2964251e-01  -1.6516512e+00   1.1551905e+00  -2.4137556e-02
   1.0000000e+00  -3.6430892e+00   9.4221243e-01  -5.8681995e-01  -1.6912092e-01   8.6892593e-01   7.9406940e-02
   2.0000000e+00   6.9239633e-02  -2.3076482e-01   1.1726482e-01   1.8961463e+00  -4.0094253e-01  -5.8145046e-01
   2.0000000e+00  -1.9503015e-01   1.1162255e+00  -5.2210729e-01  -1.7428474e-03   1.1673396e-01   3.7309307e-01
   1.0000000e+00   2.2195449e+00   6.3205637e-01   5.2249424e-01   3.5167609e-02   4.7431955e-01  -1.9824106e+00
   2.0000000e+00   1.0351781e+00   5.1992163e-01   6.4557407e-01   8.8934940e-01   8.8367743e-01  -3.1732622e-01
   2.0000000e+00   2.9967137e-01   2.8347852e-01  -9.8373723e-02   1.7480295e+00   4.3172009e-01  -1.6472084e-01
   2.0000000e+00   8.4058707e-01  -1.0315729e-01  -4.7357313e-01   4.9967210e-01   5.6468541e-01  -7.9782067e-01
   2.0000000e+00  -7.2544843e-01   1.2312397e+00  -6.3955440e-01  -1.8710684e+00  -7.6511157e-01  -1.9031060e-02
   2.0000000e+00   2.4241628e-01  -9.0378872e-01   3.1451610e-01   1.6145023e+00  -4.1509343e-01   3.3498610e-01
   2.0000000e+00  -5.3364311e-01   1.7629959e+00   1.0440454e+00  -2.2600035e-01  -1.1381632e+00   6.0331583e-02
   2.0000000e+00  -7.7035827e-01   2.3930242e-01  -1.4252858e+00  -1.0474640e+00   1.6900987e+00   1.8158213e-01
   1.0000000e+00  -1.9477284e-01   1.6916637e-01   2.6520569e+00  -5.2374325e-01   6.4262468e-01   1.9913322e+00
   2.0000000e+00  -3.8925670e-02   1.6338979e+00  -1.1132038e+00   1.9528962e+00   5.4225443e-01   3.7162520e-01
   2.0000000e+00   8.5344156e-01  -8.5120891e-01   2.6714524e+00  -1.4659461e-01  -5.2134106e-01  -7.2380388e-01
   2.0000000e+00  -1.5235670e+00  -8.4067557e-02  -1.7681108e+00  -1.0917636e+00  -9.6058113e-01   1.1899916e+00
   1.0000000e+00  -2.0514625e+00   7.0322770e-01  -9.7065859e-01  -2.1917144e-01  -4.6809356e-01   6.8481315e-01
   2.0000000e+00   7.2561384e-01  -1.6303261e-01   1.5650326e-01   6.1294258e-01   3.2715959e-02  -1.8875233e-01
   2.0000000e+00   5.2471137e-01  -8.0120483e-02  -1.5357080e+00   4.9441975e-01   1.2620653e+00  -1.0079863e+00
   1.0000000e+00  -8.1405256e-01   2.3261882e-01  -8.4736086e-01  -8.5577878e-01  -2.9536520e-02   1.2044519e+00
   2.0000000e+00   1.2849099e+00   6.9496642e-03   2.9938638e-01  -2.4333828e+00  -1.4968799e-03   6.9934021e-01
   1.0000000e+00  -8.1798265e-02   3.2767243e-01   2.8484224e-01   6.8416493e-01   1.2961711e+00   2.3609910e-01
   2.0000000e+00  -6.9711428e-01  -2.3050344e-01   5.5865298e-01  -4.5742030e-01  -6.4978278e-01   3.6801750e-01
   2.0000000e+00   2.0161078e-01   3.9668324e-02   5.8774743e-01  -1.6168096e+00  -2.1953330e-01   1.4783305e-02
   2.0000000e+00   1.0721305e-01  -3.3534244e-01   1.7014022e-01   1.2087030e+00   3.9700981e-01   9.9000061e-01
   2.0000000e+00  -4.1769039e-01  -1.0195949e+00   4.3065378e-01  -2.4895741e-01   2.6829109e-01  -8.6137465e-01
   2.0000000e+00  -1.1150348e+00  -2.7937612e-01  -7.5718945e-01   1.7121600e+00  -1.7385577e+00   1.0616871e+00
   2.0000000e+00   2.1052769e+00  -3.8687404e-01  -5.6102749e-01   5.8142190e-01  -1.9724596e-02  -7.2152567e-01
   1.0000000e+00  -2.7780722e-01   9.3139619e-02   1.6730716e+00   4.9946939e-02   5.8195774e-01   4.6533847e-01
   2.0000000e+00   8.8089134e-01  -5.2645671e-01  -3.7521013e-01   6.8195839e-01  -5.8486383e-01   7.4469120e-01
   2.0000000e+00   6.2282690e-01  -1.8684559e+00   1.0248179e+00  -1.2783295e+00   3.1691126e-01  -6.7129776e-01
   1.0000000e+00   1.3874292e+00   5.4003244e-01  -2.2391310e-01   3.5091211e-01  -8.7080294e-01   3.8599467e-01
   2.0000000e+00  -1.0551635e+00  -2.4253042e-01  -9.8542026e-01   4.6566891e-01   6.3900491e-01  -3.9437144e-01
   1.0000000e+00  -1.7961781e-01   4.7981345e-01   3.3891305e-01  -1.7033042e-02   8.9384876e-01   1.0362949e+00
   2.0000000e+00   8.2282271e-01   1.7716527e+00   5.4631753e-01   1.2856538e+00   1.0394920e+00  -2.9278675e-01
   2.0000000e+00   2.5165930e-02   5.6920923e-01   1.1037080e-01  -1.0528051e+00  -1.2568054e+00   6.6771517e-01
   2.0000000e+00  -1.2456349e+00  -1.0546671e+00  -4.5455442e-01   3.6777718e-01   3.9444915e-01   2.3585838e+00
   2.0000000e+00  -4.1803778e-01  -3.3019843e-01   1.5066402e+00   1.8441287e+00  -5.2684579e-01   6.5036774e-01
   2.0000000e+00   8.8686484e-02   1.7454808e+00   3.0030415e-01  -5.0443467e-01   2.3897232e-01  -6.6216725e-01
   2.0000000e+00  -1.7992185e-01   4.0441888e-01  -6.6209959e-01   2.5175398e+00  -1.1184291e+00   3.3701475e-01
   1.0000000e+00   2.3652782e+00   3.0550725e-02   9.5647101e-01   2.5953734e-01  -3.7396643e-01   1.6011425e+00
   2.0000000e+00  -1.0596511e+00  -1.1141146e+00  -6.5537487e-01   3.8407309e-01   1.7585304e+00  -3.8917723e-01
   1.0000000e+00   1.8525683e+00   6.7042815e-01   2.4220329e-01  -5.2950048e-01   6.5195359e-01  -8.0416170e-01
   2.0000000e+00   9.8011094e-01  -8.8670286e-01   1.4457402e+00  -3.3537066e-01   2.8795842e-01   1.3431723e+00
   2.0000000e+00  -1.6581195e-01   1.1290276e+00  -2.4315103e-01   2.1569618e+00  -8.9107542e-01   1.5503539e+00
   2.0000000e+00  -1.0623977e+00   1.2093299e+00   7.8438849e-01   1.6372044e+00   3.8750903e-01  -5.0389797e-01
   2.0000000e+00   2.4575528e-01  -9.3685456e-01  -1.7079295e-01   9.6188958e-01   2.3370166e+00  -9.2482707e-01
   2.0000000e+00   1.0494097e+00  -2.0502028e+00   3.8324020e-01   4.9557916e-01   4.5855018e-03   1.1405355e+00
   2.0000000e+00  -1.2024332e+00   1.8434851e+00   2.4674924e+00   2.5536562e+00  -8.8921003e-01   2.8645757e-01
   2.0000000e+00  -8.7329207e-01  -8.7405852e-01   9.6673755e-01   6.6940368e-02   8.0538682e-01   2.0586558e+00
   2.0000000e+00   1.5888339e-01  -1.5275233e+00   3.8940855e-01   1.5416024e+00  -4.3777916e-01  -6.5482140e-02
   2.0000000e+00  -1.8099534e-01  -6.7411696e-02  -8.2837990e-01  -1.0546368e+00  -8.2252912e-01   5.6313146e-02
   2.0000000e+00  -5.1028479e-01   1.4568275e+00  -6.2888574e-01  -6.9178437e-01   7.3647282e-02   9.7121860e-01
   2.0000000e+00   5.1493061e-03   1.2930592e+00   1.3597440e+00  -3.9212811e-01   1.3290661e+00   1.4559507e-01
   2.0000000e+00   6.4649517e-01  -3.9215512e-01  -2.5190816e-01   1.3314926e-01   6.1044317e-01  -5.6028899e-01
   2.0000000e+00  -5.6253813e-02  -1.8770961e+00  -1.7132615e+00  -2.1714736e+00   1.0870701e+00   7.0708687e-01
   2.0000000e+00   3.7795068e-01  -9.2929218e-01   2.6131638e-01   3.9777944e-01  -1.6765416e+00   6.3654213e-01
   2.0000000e+00  -6.1640807e-01  -2.0875717e-02  -7.5293035e-01  -4.1847339e-01  -1.5440526e+00   1.2573568e+00
   2.0000000e+00  -5.4765154e-01   7.9458010e-01  -2.2644966e-02   1.0827957e+00  -9.8568295e-01   1.4016387e+00
   2.0000000e+00   1.7613603e+00   1.1156085e+00  -4.4206506e-01  -3.8158761e-01  -1.8183897e-01  -1.4067155e-01
   1.0000000e+00   4.0197560e-01   7.0082026e-01   8.0913930e-01   3.5154781e-01  -1.8227685e+00   5.4171318e-01
   2.0000000e+00  -6.6813701e-01   1.4133965e+00   5.8289222e-01  -6.5570409e-01   1.4281021e-02   6.2842434e-02
   2.0000000e+00  -7.2102506e-01  -4.3381818e-01  -1.4200554e+00  -8.1549275e-02  -1.3923597e+00  -5.0983153e-01
   2.0000000e+00  -8.1224443e-02   2.1124528e+00   4.3985771e-01   1.3725417e+00  -2.3934591e-01  -4.3392841e-01
   1.0000000e+00   5.4823056e-01   3.1133422e-01  -2.2156317e+00  -1.8263373e-01   6.5625083e-01   1.1429124e-01
   1.0000000e+00   1.6579681e+00   1.0994598e-01   3.9163230e-02  -9.7940746e-01   3.4973079e-01  -1.2034647e+00
   2.0000000e+00  -1.1150246e+00  -1.1255530e-01   5.9999654e-01  -9.8695131e-01  -4.3133234e-01   1.1822969e+00
   1.0000000e+00  -1.0588784e+00   1.9801714e-01  -7.6085459e-02   7.4042126e-01  -6.9241324e-01   1.2902926e+00
   2.0000000e+00  -1.6952408e+00   1.0239626e+00  -1.6807447e+00   8.2454812e-01   1.1638434e+00  -2.9988643e-01
   2.0000000e+00  -1.8783527e-01  -9.2236952e-01   1.1001843e-02   1.3988586e+00  -2.3255813e-02   1.2182751e+00
   2.0000000e+00   1.0437801e-01  -1.3480806e+00   7.3580180e-01   7.4204555e-01   1.7599813e+00  -6.6462445e-01
   2.0000000e+00   1.2203085e-01  -7.3178162e-02   1.1266664e+00  -1.2145540e-01   1.5065032e-01  -1.1510087e+00
   1.0000000e+00  -1.2020996e+00   6.2452329e-01  -1.2645175e+00   2.5550439e-01  -1.1804688e+00   1.6020151e+00
   1.0000000e+00   5.3268997e-01   4.7505122e-01   5.3265049e-02   7.5297693e-02   2.4576690e-01  -1.1235953e+00
   2.0000000e+00   1.4952739e+00  -7.8518995e-01  -1.8490133e+00  -4.8893434e-01  -2.4741321e-02   2.4073428e-01
   2.0000000e+00   4.0427552e-01  -8.4398345e-01  -1.6123825e+00  -1.0985157e-01  -3.4618612e-01  -5.4077026e-01
   2.0000000e+00   6.7157765e-02  -8.0679233e-01  -7.3108334e-01   3.3656437e-01   3.3849358e-01  -4.4681970e-01
   2.0000000e+00  -1.1153326e+00   1.2778383e+00   9.5218517e-01   1.5716801e+00   1.0725855e+00   4.4632131e-01
   2.0000000e+00  -2.2705486e-01   1.8008930e+00   8.3897009e-01  -5.8552548e-01  -1.4299198e+00  -7.5934621e-01
   1.0000000e+00  -1.3377591e+00   6.8043321e-01  -7.1225287e-01  -5.3467411e-01  -1.4032571e+00  -1.3730838e-01
   2.0000000e+00   1.4362616e+00   8.5080075e-01   4.1604704e-01   5.7996122e-01   2.0939057e-01   7.0537217e-01
   2.0000000e+00  -2.3252209e-02   2.9236666e-01   9.6229954e-01   1.2178414e+00  -1.5546956e+00   2.8087742e+00
   2.0000000e+00  -7.0066499e-01  -3.7271406e-01  -2.7394572e-01   7.1195605e-01  -5.2139679e-01   6.6404355e-01
   2.0000000e+00  -2.8140859e-01  -5.1682654e-01  -6.4675255e-01   2.3792516e-02  -6.1806774e-01   6.8440738e-01
   2.0000000e+00  -1.0159800e+00  -2.0711200e+00  -1.1708662e+00   1.0305861e+00   4.5653650e-01  -1.1597176e+00
   1.0000000e+00   6.8173729e-01   5.6733345e-01   5.8391645e-01  -7.6111011e-01   6.2874758e-01  -1.9683270e-01
   2.0000000e+00  -9.8949536e-01  -3.9691569e-01  -9.4198765e-01  -1.2762029e+00   6.3500995e-01   4.1752283e-01
   2.0000000e+00  -8.3119780e-01  -1.3937573e+00   1.3161394e+00   6.0729388e-01   4.7670851e-01   7.0571514e-01
   1.0000000e+00   1.1087314e+00   9.2317269e-01  -6.4441509e-01   1.7679576e-02  -7.9868090e-01  -7.3319082e-03
   2.0000000e+00  -3.5388460e-01  -1.3208400e+00  -6.6775271e-01   4.1457168e-01   2.1214278e-01   2.2078158e-01
   1.0000000e+00  -6.0478217e-01   5.9490609e-01   1.0974044e+00  -5.8776639e-01   4.6086573e-01   6.4875107e-01
   2.0000000e+00  -1.2624841e+00  -7.0652024e-01   3.9222914e-01  -1.2500697e+00  -1.3625747e-01   1.2644575e+00
   1.0000000e+00   2.1098803e+00   1.2722271e-01  -1.2259695e-01   5.8190062e-01  -2.3301023e-01  -1.8295464e-01
   2.0000000e+00   7.8604607e-01  -5.2632677e-01   6.4748844e-01  -1.3168450e-01   1.6079769e+00  -1.2812833e+00
   2.0000000e+00  -2.6971906e+00  -1.3721169e+00  -3.2759448e-01  -1.3093194e-01  -1.2677874e+00  -1.9031338e+00
   2.0000000e+00   1.3291476e+00  -6.8723449e-01   6.0649937e-01   6.2690062e-01  -7.2157291e-01   9.5368203e-02
   2.0000000e+00   2.3493561e-01   5.9194557e-01   1.3320390e+00   1.1851843e+00   5.3749302e-01   1.3669050e+00
   2.0000000e+00   9.4977306e-01  -3.3531101e-01  -9.6782029e-01  -2.1176412e-01   4.8459156e-01  -9.0681798e-01
   2.0000000e+00   6.8968815e-01   9.1924097e-01  -3.5836057e-01  -1.3222376e+00   1.9203028e+00   2.2115908e+00
   2.0000000e+00   2.1720999e+00  -7.1892938e-01   1.7648517e-01  -6.6255098e-01  -6.2820416e-01   7.2522157e-02
   2.0000000e+00   9.7183956e-01  -1.7053346e-01  -5.7241559e-01  -4.6965035e-01  -8.1635105e-01  -5.6491245e-01
   1.0000000e+00   1.0445391e+00   6.2825451e-01  -1.4530458e+00  -5.7812546e-01  -3.4256435e-01   1.4615946e+00
   2.0000000e+00  -2.6733777e-01   9.8489341e-01   7.1493887e-01   4.7992996e-01  -2.8586928e-01  -2.7137853e+00
   2.0000000e+00   9.7348699e-01  -3.9715730e-01  -7.1114343e-01   1.3963221e-01   6.7172359e-01   3.5931287e-01
   2.0000000e+00  -2.5944335e-01  -3.3258260e-01   2.4708380e+00  -7.2938549e-01  -9.4076287e-01   5.8440661e-01
   2.0000000e+00  -7.9122824e-02   2.3431366e+00   2.6269474e+00  -5.1414794e-01  -7.3506897e-03   1.3984332e-01
   2.0000000e+00  -1.6758830e+00  -9.1867890e-02  -3.1292886e-01   4.6009004e-01  -5.2436531e-01  -1.9476689e+00
   2.0000000e+00   7.7769232e-01  -2.3662927e-01  -1.3015746e+00   3.2668134e-01  -2.6573244e-01  -2.4739888e-01
   2.0000000e+00   1.6335130e+00   9.7228914e-01   3.4069747e-01   1.4572450e-01  -1.8716706e+00   3.9573466e-01
   2.0000000e+00   3.2650259e-01  -9.8918055e-01  -2.9115170e-01   1.4676375e+00  -1.0072091e+00  -6.5451842e-01
   2.0000000e+00   1.7855215e+00  -6.9406987e-01  -9.1203783e-01   2.4276036e+00   3.4134345e-01  -5.0569755e-01
   2.0000000e+00   1.9695787e-01  -9.0291878e-01  -1.1324388e+00  -1.0877951e+00   1.0284224e+00  -1.0300094e+00
   2.0000000e+00  -1.0871147e+00  -7.5796269e-01   1.9101252e+00   6.4843745e-01   6.1563120e-01   4.1976199e-01
   2.0000000e+00  -1.7075747e-01  -2.4203877e+00   1.4308005e-01  -4.7436150e-01   1.4747679e+00  -1.5851618e-01
   2.0000000e+00  -4.2335163e-02  -1.5028981e+00   5.0321213e-02   2.8018399e+00  -2.5603580e+00   4.6531340e-01
   2.0000000e+00   8.5485449e-01  -3.1737443e-01  -2.5449017e-01  -3.8397030e-02  -1.4576551e+00  -1.0750577e-01
   2.0000000e+00  -2.3568347e-01  -4.0751628e-01   1.2236557e-01  -2.3461807e-01  -3.2248423e-01   1.6204880e+00
   2.0000000e+00  -5.6711900e-01  -1.5846594e+00  -3.3510895e-01   6.6510225e-01   3.3665648e+00  -2.0454700e+00
   2.0000000e+00   1.6385816e-01   1.2299247e+00  -1.0444016e+00   5.9701174e-01   3.6077406e-01   2.3850614e+00
   2.0000000e+00   5.5041905e-01  -7.2764328e-01   9.7806743e-01  -5.8188470e-01   1.0933795e+00   1.6273457e+00
   1.0000000e+00   1.7207413e+00   6.0452139e-01  -4.1952514e-01   2.3125590e-01  -6.2533577e-01  -5.8584529e-01
   2.0000000e+00   1.5041568e-01  -5.7264254e-01   1.4323049e+00  -6.7624001e-01   2.1626357e-01  -7.0634335e-01
   1.0000000e+00   7.9638248e-01   1.1346994e-01  -1.0149535e+00  -8.7735426e-01   4.7974883e-01  -8.9215418e-01
   2.0000000e+00   1.5529166e-01  -3.1142781e-01   6.0874841e-01   2.3413212e-01  -4.7900712e-01   2.0106019e+00
   2.0000000e+00  -2.2683383e+00  -1.0601218e+00  -1.2322503e+00  -6.4221627e-02  -2.7565788e+00  -1.9110857e-01
   2.0000000e+00  -7.8327761e-01   1.5858994e+00  -2.7146489e-01   4.4071397e-01   1.0554316e+00  -9.3391207e-01
   1.0000000e+00   5.7899761e-01   4.3886486e-01  -3.2463793e-01  -3.1227136e-03   4.7454774e-01  -1.5899469e+00
   2.0000000e+00   8.3659637e-01  -1.1360847e+00   1.4832986e+00  -2.2578941e+00   1.1498544e+00  -7.6368849e-01
   2.0000000e+00  -1.8805076e-01  -3.4070582e-01   1.1317183e+00  -8.4909649e-01   3.8067731e-01  -3.6442408e-01
   2.0000000e+00   7.6746030e-02  -9.9534210e-01   3.2948524e-01   4.8756022e-02  -7.1305903e-01  -1.5263298e+00
   2.0000000e+00  -6.2485045e-02   1.0145461e+00   7.0683807e-01  -5.3286323e-01   2.3920507e-02   1.4586411e+00
   2.0000000e+00  -1.0750617e+00  -9.5729221e-01   1.0643896e+00   1.0785077e+00   2.2547365e-01   5.0035237e-01
   2.0000000e+00  -1.0577841e+00  -6.4904006e-02   1.4040204e+00  -7.9650335e-01   6.1697032e-01  -1.4738547e-01
   2.0000000e+00  -1.5453337e+00  -5.6773415e-01  -4.8877985e-01   9.0185060e-01   1.6586427e+00   8.8894368e-01
   2.0000000e+00   9.7565828e-01   5.6331935e-01  -1.6942110e-01  -1.6664420e+00   6.0552628e-01  -3.1566189e-01
   2.0000000e+00   8.2083956e-01  -6.0063351e-01   2.7097632e-01   1.4925093e+00   8.8408899e-02   7.6635880e-01
   2.0000000e+00  -1.1726644e+00  -5.8597159e-01   6.1513741e-01  -4.9977239e-01  -1.0237129e+00   3.7444779e-01
   2.0000000e+00  -3.0484949e-01  -1.0974444e+00   6.6940087e-01   8.7777793e-01  -1.2845242e-01  -5.9423173e-01
   2.0000000e+00  -9.6086435e-01  -5.0622511e-01   7.1205853e-01   1.6557747e+00   3.6213775e-01   7.6937615e-01
   2.0000000e+00  -1.3381654e+00   1.0214349e+00  -4.5442154e-01   5.1219038e-01   4.6995236e-01  -1.0539092e+00
   2.0000000e+00  -7.9038783e-01  -1.4957727e+00  -2.5924887e-01  -2.3994269e-01   5.8548502e-01  -9.4595533e-01
   2.0000000e+00  -2.0060830e+00   1.6402955e+00  -2.0145745e+00   5.2023655e-01  -1.4521775e-01  -7.7095005e-01
   2.0000000e+00  -6.6951987e-01   1.0302935e+00   6.5854159e-01   1.1464975e+00   2.4010170e-01  -3.7678597e-01
   2.0000000e+00   7.6565261e-01  -1.8041300e-01  -1.1836354e+00   4.2160808e-01  -1.0408263e+00   1.1415136e+00
   2.0000000e+00  -1.0611033e+00  -3.3717518e-01  -2.1478356e-02  -3.9609503e-01   1.2320583e+00   2.8351314e-01
   1.0000000e+00  -1.2233638e+00   9.1464338e-01   5.0189653e-01   8.9070220e-02   1.4557566e+00  -7.2454424e-01
   2.0000000e+00   7.2411107e-02   1.6136363e+00  -2.4037541e+00   1.8279307e+00  -2.4416233e-01   8.7583890e-01
   1.0000000e+00  -1.3091461e+00   4.6881200e-01  -7.9459151e-01  -3.3431005e-02  -2.0756568e-01   4.3318899e-01
   2.0000000e+00   1.1506796e+00   9.0504412e-01   8.7626425e-01   5.5087137e-01   1.0751669e+00   2.0722741e+00
   2.0000000e+00   1.1982734e-01   1.4120435e+00   1.3218360e+00  -2.8777424e-01  -1.1173470e+00  -6.5488670e-01
   2.0000000e+00   1.9880537e+00   1.3902287e-01   1.1351047e+00  -1.7772628e+00  -4.5044477e-01   2.5903530e-01
   2.0000000e+00   8.0303271e-01  -6.1161052e-01  -4.0122124e-01   2.0701496e+00  -2.8417973e-01   3.3158841e-01
   2.0000000e+00   1.1267364e+00  -1.2039136e+00   1.6679905e+00  -7.9785356e-01   5.2512768e-01   8.1456749e-02
   2.0000000e+00   1.7647266e+00   1.6434215e+00  -1.0487684e+00   1.6766673e+00  -9.3574142e-01  -1.0945174e+00
   2.0000000e+00  -1.0043922e+00   2.1791168e-01   9.5681552e-02  -1.4339154e+00  -8.0948751e-01   1.4785378e+00
   2.0000000e+00   1.7606712e-02  -3.1038361e-01  -7.5325144e-01   2.8826294e-01  -1.4912777e+00   8.6344276e-02
   2.0000000e+00  -3.2334357e-01  -1.7726087e-01   9.2374404e-01  -6.8441099e-01  -1.8117579e-01  -1.9744677e+00
   2.0000000e+00  -1.4045924e+00  -1.2126126e-01  -1.5260610e-01   4.0737138e-01   5.7147526e-01   6.1958826e-01
   2.0000000e+00  -4.5699431e-01   1.6969995e+00   8.4744098e-01   3.0946623e-01  -2.0963600e-01  -1.7824255e+00
   2.0000000e+00  -1.4740209e+00  -1.2903305e+00   9.8586106e-01   6.6310130e-01  -3.6220507e-01  -5.5044356e-01
   2.0000000e+00   3.0470961e-01  -6.5611179e-01  -1.0871144e+00   1.6573817e-01   1.1878676e+00   1.2283587e+00
   2.0000000e+00  -4.2977866e-01  -9.4018471e-01  -1.1910199e-01   6.4636804e-01   6.0522120e-01  -4.5824801e-01
   1.0000000e+00   4.7768627e-03   6.5153280e-01   1.3702578e+00   2.7298680e-01   3.6365198e-01  -1.0214546e+00
   2.0000000e+00   2.1391844e-01   1.0698572e+00  -8.5109238e-01  -5.9764900e-01  -2.3455987e-01  -2.0648860e+00
   2.0000000e+00  -5.3490534e-01  -7.5308519e-01   5.2324284e-02   9.9223834e-01   1.4780713e+00   1.3445853e-01
   2.0000000e+00   9.5259264e-01  -1.6775446e-01  -8.4275519e-01   1.2075084e-01   1.3881475e+00   1.6886398e+00
   2.0000000e+00  -1.0824326e+00  -1.5866596e+00  -1.9366726e+00   3.7826416e-01   3.3118321e-01  -3.9792314e-01
   2.0000000e+00  -4.0792618e-01   1.1971632e+00   2.0909197e+00  -2.3891077e+00   1.0077529e+00  -1.1912729e+00
   2.0000000e+00  -1.2300845e+00   8.9323306e-01  -1.8145359e-01   1.0388863e+00   1.8445937e+00  -1.4594493e+00
   2.0000000e+00   5.9358775e-01   6.8584501e-01   5.9011128e-01   9.2183047e-01   8.7092717e-01  -3.3968871e-01
   1.0000000e+00   6.5239801e-01   8.3581657e-01  -6.8333076e-01  -2.3251962e-01  -1.2878402e+00  -2.4633378e-01
   2.0000000e+00   8.3129544e-01  -5.5722475e-01  -1.9099738e-01   1.5533497e+00  -3.6796406e-01  -4.3387984e-02
   2.0000000e+00   1.4106028e+00  -4.5124533e-01   4.7829127e-01  -1.6014118e-01  -1.0776087e+00  -3.6999073e-01
   2.0000000e+00   1.8038701e-01   1.2835053e+00   1.1879873e+00   1.8665401e+00   9.6300590e-01   1.4601641e+00
   2.0000000e+00   3.9265381e-01   5.6118948e-01   2.3262891e-01   9.6078397e-01  -7.7568576e-01  -7.6308843e-02
   1.0000000e+00   2.9930039e-01   2.5135605e-01   6.6919186e-01   1.7859429e-03   3.2190260e-01  -4.2177841e-01
   1.0000000e+00  -3.0154241e-01   1.6867344e-01  -5.1868253e-01  -5.5627692e-01  -7.9404570e-01   1.5781090e+00
   2.0000000e+00  -3.7697090e-01   1.2577006e+00  -4.1200040e-01   1.4872192e+00  -9.0542280e-01   3.0949669e-02
   2.0000000e+00   3.8204838e-01   2.0331125e-01   2.5865769e-01   1.9162983e+00   8.8615970e-02  -2.6001621e+00
   2.0000000e+00   8.9773044e-01   5.4291173e-01  -5.3433637e-01  -1.3852657e+00   1.4802934e-01   9.4577370e-01
   1.0000000e+00  -4.9859331e-01   1.0457549e-01   1.3455814e+00   2.8610740e-02   6.9134292e-01  -1.7806043e+00
   2.0000000e+00   1.9899643e-01  -6.0469622e-01   2.2274993e-02   6.1817830e-01  -8.1931448e-01   7.5972302e-01
   2.0000000e+00  -9.2595448e-01  -1.3632375e+00   7.1219012e-01  -3.5868658e-01   2.8125926e-01  -1.2220195e+00
   2.0000000e+00   1.8438891e+00   9.6957348e-01   4.3554446e-01   1.8026425e+00  -9.9225802e-01   1.3280451e+00
   1.0000000e+00   1.3953519e+00   3.6579752e-01  -4.0591898e-01   3.7427981e-01  -3.9862034e-01  -1.3981239e+00
   2.0000000e+00  -1.0779538e+00   1.0046330e+00   8.8504215e-01  -3.7570235e-01  -8.8465183e-01   1.1886806e+00
   2.0000000e+00  -2.0928461e+00   1.5978178e+00  -3.8746986e-02  -1.8651625e-01   8.6757923e-01   2.7645833e-03
   2.0000000e+00  -8.5297238e-01  -6.5654141e-01   1.4446959e+00   5.4508116e-01  -1.0323444e+00   8.1828991e-01
   1.0000000e+00  -1.8208339e-02   4.9716703e-01  -4.3293846e-01  -1.0415550e-01  -1.5486595e+00  -1.1500704e+00
   2.0000000e+00  -1.8910877e+00   6.3389255e-01   1.7864979e+00   3.8128920e-02  -1.9158350e+00   2.0468629e+00
   1.0000000e+00   1.2284652e+00   3.6624616e-01  -4.9744386e-01  -3.7779279e-01   5.9922184e-01   2.6883536e+00
   2.0000000e+00  -8.0794006e-02  -1.5693045e+00   9.0064610e-01  -3.4565956e-01   6.2344416e-02  -7.3899368e-01
   1.0000000e+00  -8.7831743e-01   3.5189429e-01   1.4532867e+00  -8.3222699e-01   5.1129648e-01   5.7191507e-01
   2.0000000e+00  -1.0560448e+00  -9.9652427e-01  -2.6196579e-01  -4.3592483e-01   1.9868358e-01   5.7562478e-01
   1.0000000e+00   7.8518672e-01   6.2841097e-01  -1.3805321e-01  -1.5085523e-01   8.5435104e-01  -7.1820096e-01
   2.0000000e+00  -7.9516185e-01  -1.1558956e+00  -2.0669420e-02   1.2580915e+00   1.1388096e-01  -2.7136975e-01
   1.0000000e+00   3.3381778e-01   3.5103397e-01  -5.9979744e-01   5.1206302e-01   1.8541408e+00  -5.4085530e-01
   2.0000000e+00   9.6992419e-01  -8.0596040e-01   1.6367302e+00  -1.9356406e-01  -1.0772614e+00   7.0468623e-01
   2.0000000e+00   9.1740981e-01  -1.4804030e+00  -6.5702295e-01   2.6469670e-01  -7.1307187e-01  -2.3889577e+00
   2.0000000e+00  -1.4737608e+00  -2.1328926e-01  -2.2084105e-01   3.4638704e-01   8.8291183e-01   2.6522712e-01
   2.0000000e+00  -1.6754974e+00   2.2512954e+00  -1.5523922e+00  -1.1330731e+00   7.1760482e-02  -5.7524593e-01
   2.0000000e+00  -9.0088078e-01   1.4589015e+00   3.1912421e-01  -1.5389895e+00   1.8315746e+00   8.7988577e-02
   2.0000000e+00   7.2045092e-01  -1.2540221e+00  -6.8590335e-01   4.9481452e-01  -1.2326034e+00  -5.9926282e-01
   2.0000000e+00   4.8428819e-01  -1.1957112e+00  -1.6152729e+00  -3.9937103e-01  -3.4063782e-02   2.2876035e-01
   2.0000000e+00   6.4099773e-02   1.3905901e-02  -3.5176359e-01   2.7492870e+00   1.0236550e+00  -2.3779900e+00
   1.0000000e+00   3.0327059e-01   1.4924089e-01  -4.9247186e-01   8.4499996e-02  -1.5272713e+00   1.0744351e+00
   2.0000000e+00   4.0328474e-01  -1.1829718e+00  -6.5535330e-01  -6.9566915e-01  -1.7615160e+00   3.3323747e-01
   2.0000000e+00   7.6721866e-02  -1.5093420e-02  -4.1746116e-01   1.0820250e+00  -4.3001753e-01  -1.3431475e+00
   2.0000000e+00  -2.3175083e-01  -5.7002076e-01  -8.0042784e-01  -1.3508669e+00   5.6143894e-01  -7.9934216e-01
   2.0000000e+00  -1.1531154e+00  -9.4709464e-01  -3.6274360e-01  -9.6966510e-01  -1.0654812e+00   3.6863669e-02
   2.0000000e+00  -1.0676409e+00   1.0777943e+00   1.5074833e+00  -1.1877148e-01  -1.8147256e+00  -5.6918225e-01
   2.0000000e+00  -6.9730108e-02   4.7014908e-01   4.8855065e-01  -9.7223415e-01  -6.1094685e-01  -2.8383140e-01
   2.0000000e+00   4.6942991e-01  -5.9959758e-01   1.8180435e+00   1.0102209e-02   3.8800579e-01  -8.9918102e-01
   2.0000000e+00   1.0458870e+00  -6.9139700e-01   1.5254657e+00  -1.5091250e+00   2.3862904e-01   1.7017063e+00
   2.0000000e+00   2.6703084e+00   2.9796247e-01   1.4419008e+00   1.0284048e+00  -1.8409154e+00   1.8612467e+00
   2.0000000e+00  -3.9673990e-01   7.7828474e-01  -5.4801924e-01   2.3057601e+00   7.3400226e-01   2.2250001e-01
   2.0000000e+00   4.5928196e-01  -1.4047493e-01  -9.0863022e-01  -1.4504193e+00   5.4612822e-01   1.6423134e+00
   2.0000000e+00   7.8161214e-01   2.4352693e+00  -8.5384173e-01   1.5393672e-01   5.7781751e-01   2.0029031e+00
   1.0000000e+00   7.6997791e-01   8.4317167e-01   1.9577083e-02   4.3922189e-01   1.5271780e+00   9.9477107e-01
   2.0000000e+00   9.1125086e-01   7.1310146e-01   5.7416536e-01   1.0170555e+00  -8.4225556e-01  -2.6366386e-01
   2.0000000e+00  -1.5923337e+00   1.1154036e+00   1.0116680e+00  -3.3146250e-01  -3.6215544e-01   7.5135969e-02
   2.0000000e+00  -5.0127706e-01  -4.3505875e+00  -1.8840229e+00  -6.1705934e-01  -5.7530143e-01   1.0962064e+00
   1.0000000e+00   6.6688357e-01   4.4060322e-01   9.9678702e-01  -6.2345120e-01   6.0026181e-01  -7.3390345e-01
   2.0000000e+00  -1.3355411e-01  -3.8366436e-01  -2.0782066e-02  -5.9212391e-03  -4.1790773e-01  -5.0644390e-01
   2.0000000e+00  -1.4889101e+00   3.1159079e-01   1.0373086e+00  -1.2521427e+00  -6.9644012e-02   6.5783566e-02
   2.0000000e+00  -1.7839465e-01   1.1056614e-01  -2.6335043e-01  -1.5125027e+00   1.9285926e-01   1.1044977e+00
   1.0000000e+00   5.6534543e-02   2.6935564e-01   1.0593210e-01  -3.0561131e-01  -1.0771171e+00   9.6013260e-01
   2.0000000e+00  -1.4274110e+00   1.6281008e-01  -9.9513309e-01  -2.2597320e+00  -2.4751557e+00  -1.1624085e-01
   1.0000000e+00   1.1410462e+00   8.9744385e-01  -6.1646880e-01   2.1077159e-02  -4.7670574e-01  -4.6457445e-01
   2.0000000e+00  -1.3205439e+00  -9.8686775e-01  -8.5050124e-01  -8.4447848e-01   5.6558343e-01   8.1657259e-02
   2.0000000e+00   3.2902332e-01   9.7885530e-01   2.3534850e+00   5.2475769e-01  -4.8266467e-01  -3.7421988e-01
   1.0000000e+00   2.6332340e-01   7.4348081e-01  -1.0356318e+00   6.1782021e-01  -2.8003820e-01  -3.9935128e-01
   1.0000000e+00  -1.5336139e-01   2.7849691e-01  -3.3429322e-01  -2.8078074e-02  -1.0403518e+00  -1.4359970e+00
   2.0000000e+00  -1.3171557e+00  -7.5712751e-01  -1.9871590e+00  -6.4542446e-01   8.8966034e-01  -1.0718658e+00
   1.0000000e+00   4.0893109e-02   2.4344208e-01  -1.1777877e+00   1.6444221e-01  -2.1283312e-02   1.3697185e+00
   2.0000000e+00  -1.0753055e+00  -9.7243973e-01  -8.6949429e-01   2.0073130e+00   1.2672925e+00  -1.0874604e+00
   2.0000000e+00   4.7345355e-01  -2.9789881e-01  -1.1114061e+00  -3.3647330e-01   4.2366777e-01   7.3258861e-01
   2.0000000e+00   7.8727097e-01  -2.3678897e+00   7.0259024e-02  -4.6399487e-01  -1.2116858e+00  -1.0322945e+00
   2.0000000e+00  -1.7411414e-02   6.3989654e-01   4.4796401e-01   1.6043704e+00  -3.6470773e-01   3.9690355e-01
   2.0000000e+00   2.4821885e-01  -2.2651178e+00  -1.2431172e+00   2.6686071e-01  -6.5500659e-01   8.4502238e-01
   2.0000000e+00   2.0282026e+00  -1.9983671e+00   1.1528133e+00  -1.3542350e-01   1.4757968e-01   9.9260471e-01
   2.0000000e+00  -2.9757032e-01   6.3363105e-01  -1.6489587e+00   9.7101505e-01   7.1657989e-01   2.4313577e-01
   2.0000000e+00   2.1101480e-01  -1.1200695e-01   3.0972728e-01   1.7028799e-01   1.0721653e-01  -1.1434460e+00
   2.0000000e+00  -7.2255002e-01  -8.5690456e-01  -2.2752040e+00   5.2230901e-01   2.6572244e-01   7.1394746e-01
   2.0000000e+00   1.9713033e-01  -1.7636995e+00  -1.4219810e+00   8.4369760e-01  -5.2477690e-01  -1.0567556e+00
   2.0000000e+00   2.1591194e-01  -1.5982611e+00   3.1967305e-02  -1.3168074e+00   6.6806185e-01  -3.1070665e-01
   1.0000000e+00   1.2494986e-02   3.5261695e-01  -9.0501803e-01  -1.6001378e-01  -1.6789115e+00  -1.1766991e+00
   2.0000000e+00  -4.5206140e-01   1.1276285e+00   1.4149180e+00  -1.5000038e+00   1.9318765e-01   3.4568087e-01
   1.0000000e+00   3.9476836e-01   5.1713715e-01  -7.8062301e-02   7.2807299e-01  -3.2632422e-01   1.3607581e-01
   2.0000000e+00  -2.2270544e-01  -1.4694119e+00   4.9783133e-01   5.3472515e-01  -1.9128356e-01  -7.7182690e-01
   2.0000000e+00  -1.3079062e+00  -4.3717996e-01   8.8876675e-01   2.2736194e+00  -7.9420098e-01  -9.6973366e-01
   1.0000000e+00   1.6761827e-01   1.0647280e-01  -1.2831964e-01  -1.5155649e-01  -3.3070803e-01   5.7953908e-01
   2.0000000e+00   2.1325342e+00   1.0498032e+00   2.9577880e+00   1.6269592e+00   1.3018203e+00   7.3096184e-01
   1.0000000e+00  -9.4182845e-02   3.9710197e-01   1.7580603e+00   3.2526285e-02  -1.1911881e+00  -9.0563549e-01
   2.0000000e+00  -1.4438096e+00  -1.1180320e+00  -7.0396138e-01   1.1380374e+00   1.5973266e+00   1.0396640e+00
   2.0000000e+00   1.0370057e+00  -5.6247737e-01   2.8380283e-03   1.0283703e+00   4.0638062e-01  -9.4692930e-02
   2.0000000e+00  -1.4463882e+00   7.4736762e-01  -7.5745757e-02  -8.1265661e-01   3.2513247e-01   6.5819814e-02
   2.0000000e+00  -1.8115976e+00  -1.5872088e+00  -1.3317265e+00   3.2650872e-02   7.4353969e-01  -1.6580556e-01
   1.0000000e+00   2.0601067e-01   7.1054885e-01  -8.6289252e-01  -7.1112344e-02  -1.4361316e+00  -1.3694627e+00
   2.0000000e+00  -1.0593448e-01  -1.3958867e+00  -7.4208974e-01  -2.5354023e-01   3.2994192e-01  -9.1231889e-02
   2.0000000e+00  -1.2776127e+00  -8.9854833e-01  -9.4442357e-01  -1.3227763e+00   2.4929873e+00  -2.4256368e-01
   2.0000000e+00  -5.6518345e-02   1.5929885e+00  -2.0574305e+00   2.4572551e-01  -1.3138557e-01   1.1759198e+00
   2.0000000e+00   2.7162404e-01  -8.6616530e-01  -8.5383756e-02   3.3660361e-01   1.1938682e+00   8.1196982e-01
   2.0000000e+00   2.7764697e-01  -2.0728778e-01   4.0318719e-01   1.4259160e-01   3.4145226e-01   5.3322098e-01
   1.0000000e+00  -8.8378797e-01   2.4378854e-01   9.9551772e-02   4.8883145e-02  -1.8583854e+00  -1.9690199e+00
   2.0000000e+00   1.4846986e+00   1.0888069e+00   1.0521050e+00  -7.1791566e-01   1.5024938e-01   1.5804567e+00
   2.0000000e+00  -2.0268334e+00  -7.3004886e-01   5.0415976e-01   1.0961694e+00  -1.2902556e+00   5.2231597e-01
   2.0000000e+00   2.3081070e+00  -1.2566279e+00   2.3580706e-01   2.4472744e+00   5.4222733e-01   5.7107824e-01
   2.0000000e+00   3.9830918e-01   9.3727688e-01  -4.3693880e-02  -6.0187883e-01  -2.4441867e-02   3.8104663e-01
   1.0000000e+00   1.4013145e+00   4.0495748e-01   3.6997041e-01  -6.4914631e-01   4.6622601e-01  -2.1409029e+00
   2.0000000e+00   1.8362991e+00   1.9189736e+00   9.5857175e-01   2.7598808e-01  -3.7259061e-01   9.1540199e-01
   1.0000000e+00   2.1556788e-01   5.2185496e-01  -1.0054412e+00  -6.0852157e-02  -1.4022156e+00   2.7265779e-02
   2.0000000e+00  -1.1404662e+00  -8.2101468e-02   1.1257912e+00   3.8417664e-01   1.8804043e+00   8.5189162e-01
   2.0000000e+00  -2.9261656e-01  -1.3175209e+00   3.0065326e-01   1.2290126e-01  -1.3184875e+00   9.1054884e-01
   1.0000000e+00   9.4249136e-02   2.7397781e-01  -5.7526583e-01   9.0296257e-01   1.2100930e+00   1.8675095e+00
   1.0000000e+00   8.2228517e-01   8.4240089e-01  -1.8438907e+00   2.9402583e-01  -1.0887514e-01  -1.3003006e+00
   1.0000000e+00  -1.5287733e-01   1.4800779e-01  -1.7034320e+00   5.2630792e-02  -1.2630433e+00  -1.8681915e+00
   2.0000000e+00  -1.5170926e+00   7.6071705e-01   4.5716841e-01  -7.0449649e-01   1.0681358e-01  -2.2177998e+00
   2.0000000e+00  -1.1511694e+00  -1.7931122e-01   1.0533741e+00  -1.4389475e+00   1.7037603e+00   7.9263291e-01
   2.0000000e+00  -2.2543964e-01  -8.7534925e-01  -5.2669264e-01  -1.5947234e+00   1.0417196e-01   2.2723206e-01
   1.0000000e+00   5.1707703e-01   9.5894918e-02  -4.3242886e-01   6.6425746e-01  -5.5471178e-01   1.1995875e+00
   2.0000000e+00  -2.3410280e+00   3.0498653e-02  -4.9975176e-01  -1.4560982e+00  -3.6075962e-02  -2.1413393e-01
   2.0000000e+00   5.3467786e-01  -3.0334858e+00  -4.0834609e-01   1.8566756e+00  -6.5859171e-01   7.6388960e-01
   2.0000000e+00   5.0761915e-01   1.0599218e-01   2.5836309e-02  -1.1393730e+00   1.3724124e+00  -3.5846097e-01
   2.0000000e+00   8.6715126e-01  -7.5185620e-01  -1.0696817e+00   1.7945812e-02  -1.2521905e+00   5.3885250e-01
   2.0000000e+00  -4.0360160e-01   1.3859656e+00   2.1247162e-01  -4.1085778e-01   1.4066080e+00  -1.2739524e+00
   2.0000000e+00   8.1516046e-01   1.2654084e+00  -5.9901082e-01   2.9339422e-01   1.3849438e+00   3.4222560e+00
   2.0000000e+00   2.7299008e-01  -2.5117453e-01   7.5637382e-01  -6.6384097e-01  -1.2360025e-01   1.6288199e+00
   2.0000000e+00  -2.8451986e+00   8.9234049e-01  -1.7898547e+00   1.4138583e+00   8.0052842e-01   9.0874581e-01
   1.0000000e+00  -1.2567249e+00   4.1364908e-01   8.2943992e-01  -1.4921104e-01   9.8076426e-01   1.4667556e+00
   2.0000000e+00   1.1105023e+00  -1.1486125e-01   9.1153277e-01  -6.7548580e-01  -2.5420938e-01   2.0959627e+00
   2.0000000e+00  -1.6198842e+00  -9.5831774e-01   2.1669705e+00  -7.1367092e-01  -8.9102210e-01   9.9538177e-01
   2.0000000e+00  -5.1773650e-01  -9.3000790e-01  -1.0640960e+00   3.6922587e-01  -1.3265635e+00   1.1042871e+00
   2.0000000e+00  -1.4714708e+00  -9.5428184e-01  -1.4992256e+00  -1.0365011e+00  -1.8040778e+00   1.7921605e+00
   2.0000000e+00  -2.5732437e-01  -5.0683407e-01  -1.5896303e+00  -8.9247210e-01  -2.4347088e+00  -3.0734272e-01
   1.0000000e+00  -2.5943399e-01   3.3604666e-01   1.5750091e+00   5.4804378e-01  -1.2178744e+00  -8.9171924e-01
   2.0000000e+00  -1.3987259e+00   6.4631921e-01  -1.1658706e+00  -1.0548528e+00  -5.5645931e-01  -1.2027289e-01
   2.0000000e+00  -3.8086556e-01  -1.8583380e-01   2.7838192e-01   1.3121883e+00  -8.7263244e-01   1.9151990e-01
   1.0000000e+00  -1.6611390e+00   4.0154644e-01  -1.8530218e+00   4.8003556e-01  -6.4322457e-01   9.0848465e-01
   2.0000000e+00   1.0792726e-01   1.8590359e+00  -2.0636170e+00   4.1051980e-01   1.2400429e-01   1.3759676e+00
   2.0000000e+00   3.5425229e-01  -2.1722746e+00  -1.1768512e+00   1.2604449e-01  -4.4550215e-02  -3.8881883e-01
   2.0000000e+00   2.3296493e+00   1.2372160e+00   5.3140355e-01   1.0214224e+00   2.2979455e-01   9.4374356e-01
   2.0000000e+00  -4.0043839e-01   8.0774628e-01   6.3258237e-01   8.7127394e-01   1.1445928e-01   1.2596614e+00
   2.0000000e+00  -1.9284361e+00   1.1995757e+00   1.0790261e+00   3.1094600e-01  -4.5188972e-01   1.2563942e+00
   2.0000000e+00  -2.1002916e+00  -2.0827192e+00   1.2348882e-01   3.8444669e-01   4.3238005e-01   2.3215602e-01
   2.0000000e+00  -9.5662760e-01   1.3237357e+00   2.7675408e-01  -1.0554113e+00   4.7760198e-01  -1.9290790e+00
   2.0000000e+00  -9.2564191e-01  -1.9750753e+00   4.3357507e-01  -1.0384826e+00   2.4026876e-02   1.7477665e+00
   2.0000000e+00   2.7473211e-01  -9.7137050e-01  -2.3148971e-01  -1.6738666e-02  -2.2577812e-01   5.4745754e-01
   2.0000000e+00   2.2354327e+00   2.3229532e+00   1.5062874e+00   1.4492669e-01  -1.7523141e-01   7.6216292e-01
   2.0000000e+00   4.8622441e-01  -8.9674432e-01   1.0064228e+00  -1.4967957e+00   5.5258480e-01  -6.2764230e-01
   2.0000000e+00  -6.1982683e-01   3.5061743e-01   1.1953219e+00  -1.3252160e+00  -7.1147690e-01   3.1924486e-01
   2.0000000e+00  -1.4236442e+00   8.9559233e-01   8.6119035e-01   1.4155131e+00  -3.9864940e-01  -6.6191865e-01
   2.0000000e+00  -1.3903572e+00   8.1768090e-01   3.2452268e-01   1.0207644e+00  -1.4597043e+00  -1.1088641e+00
   1.0000000e+00   9.6929739e-01   2.7668494e-01  -4.0178934e-01   2.5054688e-01   6.9380872e-01   2.0365206e-01
   2.0000000e+00   1.1024282e+00  -1.7616654e+00   7.5496587e-01   6.1828563e-01  -3.1426130e-01   5.2697339e-03
   2.0000000e+00   1.0915216e+00   2.6648740e-01  -1.8387309e-01   2.4711597e+00  -1.8978149e+00   8.8268694e-01
   2.0000000e+00  -1.2234820e-01  -8.4097637e-01  -1.9392539e-01  -8.3791712e-01   1.1456613e-01   1.7644964e+00
   1.0000000e+00   9.6714070e-01   5.1439889e-01  -2.5456646e-01   1.9135946e-01  -5.0130803e-01  -8.5091328e-01
   2.0000000e+00   4.3440208e-01   8.9522898e-01  -8.5947853e-01  -1.2389573e+00  -3.9722684e-01  -3.2545148e-01
   1.0000000e+00  -2.0438700e+00   3.4997597e-01  -1.6410606e+00  -5.2367397e-01   6.8143767e-01  -9.5741769e-01
   2.0000000e+00   1.5158279e+00   1.2956138e+00   4.9077621e-01  -4.2734378e-02  -5.7677233e-01  -7.7645690e-01
   2.0000000e+00  -1.2409819e+00   8.5811320e-01   1.8257307e+00  -1.4632584e+00  -1.0910478e+00  -1.4349822e+00
   2.0000000e+00  -3.9213136e-01  -1.4408695e-02  -2.1020041e-01  -1.6138637e+00  -3.3088287e-01   5.9467255e-01
   2.0000000e+00  -3.9215836e-01   7.7106013e-01  -4.1992154e-03  -8.6996272e-01   1.1674076e+00   8.5037717e-01
   1.0000000e+00   6.2499713e-01   7.0161993e-01   1.7573114e+00   1.5669235e-01   5.0386288e-01  -8.0465149e-01
   1.0000000e+00  -3.1011629e-01   6.0914288e-01  -6.0453954e-01  -1.0401450e-01   4.9295258e-02  -4.9815698e-01
   2.0000000e+00  -1.0449824e+00  -5.6632753e-01  -1.6812525e+00  -4.1491049e-02  -1.4598441e+00  -2.3076284e+00
   2.0000000e+00  -9.2849522e-01  -1.7957787e+00   1.6385244e+00  -5.7812925e-01  -1.8179789e+00  -5.4666510e-01
   2.0000000e+00   2.3488670e-01  -2.4162676e-01  -1.0842392e-01  -1.4857469e+00   3.0971714e-01  -7.9506030e-01
   2.0000000e+00   1.1181194e+00  -1.9603746e-02  -1.3409730e+00   2.5863998e-01   5.9968460e-01   7.0948455e-01
   1.0000000e+00  -2.2724125e+00   1.3579314e-01   1.1933293e-01   6.6551120e-01  -1.6284998e+00  -1.5958340e-01
   2.0000000e+00   1.0352899e+00  -1.2321661e+00   3.5280956e-01  -6.1803980e-01   9.3691663e-01  -1.0195250e-02
   2.0000000e+00  -1.2852525e+00  -1.5902108e-02   2.7461832e-01   1.1294607e+00  -7.2292684e-01  -1.8192626e+00
   2.0000000e+00  -4.9120248e-01  -4.1946582e-01  -6.1438909e-01   6.4546356e-01  -8.0935062e-01  -1.1096912e+00
   1.0000000e+00   1.0086346e+00   6.8147278e-02  -3.4810793e-01   2.4258897e-01  -1.1632432e+00   1.8564683e-01
   2.0000000e+00   5.1376803e-01  -6.7792164e-01   1.2514876e-01  -4.4186229e-01  -1.0716560e+00  -1.1778875e+00
   2.0000000e+00  -6.5075913e-01  -1.0389699e+00  -1.0864848e+00   3.6578933e-01   3.1359603e-01   1.3071112e-01
   2.0000000e+00   1.9170232e-01   6.3123018e-01   4.0208769e-01   1.0357097e+00  -9.8450804e-01   6.9460230e-01
   2.0000000e+00  -3.4866950e-01  -1.2441385e+00   1.4980544e+00   5.7071600e-01   6.9270099e-01  -8.4952538e-01
   2.0000000e+00  -8.7766133e-01  -6.2400277e-01  -2.1051133e+00   3.8902811e-02  -2.3893898e-01   1.3366824e+00
   2.0000000e+00  -5.2321579e-01  -1.8080631e-01   1.9158690e+00  -6.2996393e-02   1.2332657e+00   9.4351294e-01
   2.0000000e+00  -2.6603764e-02  -6.2167193e-01   6.6168677e-01  -3.3868440e-01   1.6876950e-01  -1.6619481e+00
   1.0000000e+00   1.2902379e+00   2.2524310e-01   7.5317869e-01  -7.3803733e-01   7.0086933e-01   4.4219804e-01
   1.0000000e+00  -8.9647617e-01   2.8238892e-01   5.8729056e-02  -4.3663477e-01   3.5123441e-01   9.1658704e-01
   1.0000000e+00  -6.1356338e-01   5.7192148e-01   1.8174535e+00   3.4719475e-01   4.2267800e-01   7.1811917e-02
   2.0000000e+00  -5.1449744e-01   6.6542191e-01  -9.0877569e-01  -9.6770958e-01  -6.9715588e-01   3.6152813e-01
   1.0000000e+00   2.9567584e-02   5.9794906e-01   2.9167284e-01  -5.9301132e-01  -4.6042580e-01   8.0395091e-01
   1.0000000e+00   1.9070785e+00   3.6325956e-01  -6.4971745e-01   7.3395524e-01  -3.9809905e-01   1.8796544e-01
   2.0000000e+00  -1.8553197e-01   6.5177703e-01   4.5797709e-01  -7.9137630e-01  -1.3240349e+00  -3.9595422e-01
   2.0000000e+00   2.6462250e-01  -1.1541487e+00   4.6962288e-02   7.3186767e-01  -2.2868164e-01  -7.5877701e-01
   2.0000000e+00   2.3023825e-02   1.4193551e+00   3.3719923e-01  -7.8292058e-01   1.3581611e+00   2.2685358e-01
   2.0000000e+00   4.6671071e-01   1.7655456e+00   5.8602211e-01   9.9298664e-02   2.0530409e+00   1.2350650e+00
   2.0000000e+00  -1.1378586e-02  -7.5008931e-01   1.2862895e+00  -1.2474963e+00   6.5812637e-01   1.7690748e+00
   2.0000000e+00   7.6610511e-01   1.6866056e-01  -1.8233644e+00   1.4850246e+00  -2.0655794e-01   3.9836551e-01
