   2.0000000e+00   2.0186855e+00   2.6743645e-01  -3.1124128e-01   1.1680042e+00  -2.0731459e+00  -1.7677060e+00
   1.0000000e+00   7.7764036e-02   4.4678157e-01   2.1731568e-01   3.5282349e-01   7.7572916e-02  -1.4104750e+00
   2.0000000e+00   4.2049923e-01   6.1885542e-01  -5.3897971e-01  -1.4930446e+00  -1.0978785e+00   6.6085415e-02
   2.0000000e+00   1.4828022e+00  -4.2864546e-01  -6.0770252e-01  -1.5545444e+00  -7.3666714e-01   6.0889064e-01
   2.0000000e+00   1.5897941e-01  -5.7639669e-02   1.2854117e+00  -1.5765371e+00  -7.9562164e-01   1.0721701e+00
   1.0000000e+00  -1.1468470e+00  -9.4180978e-01   9.0678756e-01  -6.2594483e-02   1.1315984e-01  -3.0087021e-01
   2.0000000e+00  -1.0263289e+00  -1.8795454e-01  -3.0790232e-01   3.1494576e-01   2.7547094e-01  -2.7114817e-01
   2.0000000e+00  -1.9417857e+00   8.9548313e-01  -2.1954547e-01   7.2483439e-01  -2.8211345e+00   6.3658648e-01
   2.0000000e+00   5.2084563e-01   1.0041022e+00   1.3143769e+00  -1.1512753e+00   3.3141292e-01  -2.9519600e-01
   2.0000000e+00  -7.3472748e-01  -3.3784780e-01   1.0417049e+00  -1.1568299e+00  -6.7524787e-01  -3.6353235e-01
   2.0000000e+00   1.3991203e+00  -1.8989991e+00   1.1427133e+00   1.0029340e+00   1.2327681e+00   4.3463663e-01
   1.0000000e+00  -1.6127515e+00   5.4444960e-01   5.9999005e-01  -6.5880877e-01   7.5956675e-01  -1.5421749e+00
   2.0000000e+00   4.1197190e-01   2.8134786e-01  -1.0402997e+00   1.0396814e+00  -5.9973225e-01  -2.5332825e+00
   2.0000000e+00  -6.9414899e-01   1.5542309e-01  -2.0732518e-01  -4.6349559e-01  -7.4272613e-01  -2.8688244e-02
   2.0000000e+00  -1.2028727e+00  -7.3966158e-01   1.5390660e+00  -4.5743291e-01   1.6178709e+00  -5.5382005e-02
   2.0000000e+00   1.6119435e-01  -1.4478979e-01   1.8352168e-01  -8.8898737e-02   1.2121102e+00   2.7883888e-01
   2.0000000e+00   5.9244782e-01  -8.2959795e-01  -1.2974797e+00   4.7337922e-01   1.4944425e+00  -5.0154341e-01
   2.0000000e+00   2.8134812e-02   9.8064749e-01  -2.4011203e-01   2.1431869e+00  -1.4610468e+00   8.0461622e-01
   1.0000000e+00   1.0671816e+00   1.8940826e+00   9.5552612e-01  -1.0391414e+00   3.0144228e-02  -4.6684519e-01
   2.0000000e+00   1.6047959e+00   1.0488399e+00   1.8699681e-01  -9.9502011e-01  -1.0023925e+00   2.2339559e-01
   2.0000000e+00  -9.9589765e-01  -3.5703173e-01  -3.8183214e-01  -2.4037301e-01  -3.9656510e-01  -4.7770312e-01
   2.0000000e+00  -6.1360678e-01  -5.8095981e-01  -9.2542830e-02  -1.7877722e-01  -4.5645741e-02   7.9124241e-01
   2.0000000e+00   3.3653628e-01  -1.6762459e-01  -2.7012656e-01  -6.9403218e-01   2.7883632e-01  -3.2013243e-01
   2.0000000e+00   4.4646858e-01   1.0306659e+00   4.1857850e-01  -3.9417742e-01   6.5005197e-01   2.5299478e+00
   2.0000000e+00   8.1551887e-01   1.5459427e-01  -2.2112004e-01  -5.1014602e-01  -6.9044027e-02   2.7127053e-01
   2.0000000e+00   5.0699694e-01  -1.3026759e+00  -1.3782858e-01   7.5602732e-01  -9.4478410e-01  -2.5699431e-01
   2.0000000e+00   3.0424935e+00   3.7273395e-01   1.3751528e+00   1.1736686e+00  -1.9630147e-01  -1.9584474e+00
   2.0000000e+00  -3.6496179e-01   2.7331222e-01   1.9872669e+00   1.0401863e+00   6.7043269e-01  -7.8047713e-01
   1.0000000e+00   1.0721583e+00   4.8326855e-01   3.1927336e-01   8.5031543e-01  -1.6169012e-01   2.7733697e-01
   2.0000000e+00   1.1765249e+00  -1.2264886e+00   8.6403343e-01   1.3656934e+00  -1.3889896e+00  -1.5424435e+00
   2.0000000e+00  -1.1147240e+00   6.0499152e-02  -6.1910695e-01   5.7679538e-01   4.2121186e-01   1.2900816e+00
   2.0000000e+00   1.5493027e-01   1.1318146e+00  -5.5097627e-01  -2.4265591e+00   4.9792793e-01   5.1064499e-01
   2.0000000e+00  -5.1631823e-01  -4.1932859e-01  -7.2226434e-01   7.7949439e-01   6.1255533e-01  -5.6468051e-01
   2.0000000e+00   1.1683690e-01  -1.0285424e+00  -8.1194609e-01   6.8360670e-01   8.5534899e-01   1.2099263e+00
   2.0000000e+00   9.2407641e-01   1.1034409e+00   1.5767697e+00   9.8197220e-01  -4.5399294e-01   5.7901062e-01
   2.0000000e+00   1.2891236e-01  -2.0056481e+00  -1.0694519e-01  -2.9311713e-01  -1.0109751e+00   5.7791064e-01
   2.0000000e+00  -1.3295584e+00  -1.1593218e+00   1.4762977e+00   2.1330516e+00  -1.8902179e+00  -4.9606717e-01
   2.0000000e+00   4.2417519e-01  -9.7747060e-01  -9.1901581e-01  -9.0023204e-01   2.7920657e+00  -9.5660537e-01
   2.0000000e+00   1.3902485e+00   5.0162459e-01  -7.3655382e-01   6.6585381e-01   9.4457323e-01   2.2476608e+00
   2.0000000e+00   7.5249329e-01   1.2407477e+00   1.6177444e+00  -1.1475627e+00  -9.5071949e-01   1.8636018e+00
   2.0000000e+00  -1.0744218e-01  -1.7862270e+00   4.1008279e-01   7.2957658e-01  -1.0998594e+00  -1.5809340e+00
   2.0000000e+00  -6.7296209e-01   1.1985236e+00  -5.4480774e-01   6.6334246e-01  -3.8277675e-02  -9.3939248e-01
   2.0000000e+00   1.2268088e+00  -4.9277442e-01  -3.8416477e-01   7.4677769e-01   3.6679003e-01  -5.2593160e-01
   1.0000000e+00  -6.9791193e-01  -2.5987166e-01   9.9127209e-02   1.2207715e+00   4.7344424e-01   6.6012405e-01
   2.0000000e+00  -1.4586250e+00   5.1892614e-01  -1.9347484e+00  -1.2606019e+00   2.3280888e-01  -1.4386066e+00
   2.0000000e+00   3.3797287e-01   2.3076462e-01   1.5764017e-01   8.3913280e-02   2.6706310e+00  -1.8766184e+00
   1.0000000e+00   1.4443463e+00   1.0091804e+00   4.5581233e-01  -1.3764231e+00   2.1781449e-02  -1.2998275e+00
   2.0000000e+00   1.1068059e+00   4.3593031e-01   9.9742641e-01   7.7201231e-01  -1.0868833e+00   2.9270133e+00
   2.0000000e+00   2.1253535e-01   5.1207174e-01   2.0519764e+00   2.7388937e-01  -1.1021173e-01   4.9838411e-01
   1.0000000e+00   1.5502852e+00  -7.7092847e-01   5.4080782e-01   3.7242757e-01   1.0484425e-01  -1.0433863e+00
   2.0000000e+00  -1.1673619e+00  -8.2995486e-02  -2.6810253e+00   1.2562646e+00   1.5406940e+00   5.1048032e-01
   2.0000000e+00  -5.5246421e-01   1.3668706e+00   8.9167909e-01  -1.2508601e-01   1.3316805e+00  -7.4872175e-01
   2.0000000e+00  -1.2141451e+00   6.1584936e-01   7.3282518e-01  -7.0039265e-02   5.2750823e-01   2.4027416e+00
   2.0000000e+00   1.2188293e+00   1.9480792e+00  -1.5108094e+00   3.8996342e-01  -8.7851095e-01   1.8385581e+00
   2.0000000e+00  -9.1272757e-01   1.2059197e+00   7.0080549e-01  -4.8157464e-01   7.4774284e-01  -1.0763422e+00
   2.0000000e+00  -3.0909506e-01   6.7629916e-01  -3.0540470e-01   1.9427895e+00  -2.1039630e-01   6.5473547e-01
   2.0000000e+00   6.0876816e-02   3.5342554e-01   8.1106396e-01   7.8359346e-01  -2.6064377e+00   6.9103379e-01
   2.0000000e+00  -4.3603442e-01   1.6841465e+00   7.8541959e-01   9.4303470e-01   8.9257795e-01   5.1119943e-01
   2.0000000e+00  -1.8362482e+00   2.6600671e-01   2.6628070e+00   9.4880346e-03   8.4793385e-01   8.8262982e-01
   2.0000000e+00  -1.2971556e+00   1.7643970e-01   1.1510121e+00  -3.2475355e-01   5.8896320e-01   5.0868906e-01
   2.0000000e+00  -1.4322871e+00   1.7650392e+00  -6.9648031e-01  -1.2649860e-01  -8.4732637e-02  -6.9348548e-03
   2.0000000e+00   1.0724197e-01   2.1170636e+00  -2.7592171e-01   1.9474487e-01   8.4539955e-01  -1.2052021e-01
   1.0000000e+00   1.1460322e+00  -5.9660186e-01   3.7248631e-03  -8.8980769e-01   2.8939211e-01   3.6569530e-01
   2.0000000e+00   1.2810126e+00   6.1344579e-01  -1.2245728e-01  -5.6412455e-01   1.1980878e+00   8.8126363e-01
   1.0000000e+00  -1.3008386e+00  -1.1700848e+00   2.8350604e-01  -2.1684435e-01  -5.1492203e-01  -3.9254642e-01
   1.0000000e+00  -7.4083305e-01  -1.8271059e+00   4.6669191e-01   6.6295834e-01  -5.4494186e-01  -1.5962465e-01
   2.0000000e+00  -7.7420612e-03   1.0954945e+00  -1.1830494e+00   5.7683309e-01  -1.8839501e-01   5.3030983e-02
   2.0000000e+00  -1.2182636e+00   1.4197896e-01  -1.2568368e+00   4.3189479e-01   3.3902394e-01   3.5434034e-02
   2.0000000e+00   1.4416651e-01  -2.3397395e+00   1.5344669e+00   3.1102075e-01   1.2467488e+00  -3.7123294e-01
   2.0000000e+00  -1.1329123e+00  -1.0258839e+00  -1.0690751e+00   1.8710875e-01  -2.5314107e-01  -3.0909891e-01
   2.0000000e+00  -1.1439479e+00  -8.3202351e-01  -1.1396663e-01  -1.3263959e+00   6.5168503e-01  -3.5636009e-01
   2.0000000e+00   1.0896310e+00   7.4700853e-01  -2.6589756e-01  -5.2485003e-01   1.5873743e+00  -1.3995220e+00
   2.0000000e+00   1.7289138e-01   7.2279988e-01   4.3821939e-01  -4.1722036e-01   1.0846669e+00   5.1912406e-01
   2.0000000e+00  -1.3956812e+00   3.7040994e-01  -1.6880184e+00   1.9737567e+00  -6.6021538e-01   4.1196102e-01
   2.0000000e+00   2.1613786e+00  -2.2634105e-01  -3.1399302e-01  -1.2756756e-01   9.5876181e-01   1.2951407e+00
   2.0000000e+00   5.5193445e-01   1.0451223e+00   9.7167264e-01   9.2501863e-01   2.8251393e-01  -2.5161870e-01
   1.0000000e+00   1.1766082e+00   2.2032681e+00   6.2002194e-01  -6.6080175e-01   6.0325004e-01  -1.5196154e+00
   2.0000000e+00   1.4557446e+00  -4.4064149e-01  -1.0486000e+00  -2.2717101e+00   1.7220728e+00   3.2612026e-01
   2.0000000e+00   8.0676820e-02  -4.2543695e-01  -1.3328348e-02  -5.6104106e-01   4.2290699e-01  -3.2942584e-01
   2.0000000e+00   1.7735932e-01   4.4890967e-02  -1.2445433e+00  -5.8176414e-01   1.8577747e+00  -6.8155166e-01
   1.0000000e+00   9.8143578e-01  -1.6643539e-02   5.7237065e-01   7.6142075e-01   8.0821037e-01  -1.3611216e+00
   1.0000000e+00  -1.5887270e-01  -1.8039386e+00   4.6294470e-01  -9.0096401e-01  -1.5630967e-01   6.2343719e-02
   2.0000000e+00   6.9196715e-01  -7.5237006e-01  -3.2042599e-01  -6.5121123e-01   1.0557991e+00   5.4797784e-01
   2.0000000e+00  -2.4936679e-02  -1.3793757e-01   1.3905020e+00  -2.0637900e+00  -9.7233802e-01  -8.6011540e-01
   2.0000000e+00  -1.6870362e+00   1.0595746e+00   4.1279704e-01   6.9211939e-01   1.4040803e+00  -6.6027635e-02
   2.0000000e+00  -1.6422642e+00  -2.5367727e-01  -2.2024502e+00  -1.2250542e+00  -1.3087280e+00   1.0695976e+00
   2.0000000e+00   1.1922303e+00  -8.4968533e-01  -1.6881060e+00   1.6531593e+00   2.8371731e-01  -4.6669653e-01
   2.0000000e+00  -3.7538400e-01   1.7049084e+00  -9.5957181e-01  -1.1615680e+00   8.5206506e-01   2.1459056e+00
   1.0000000e+00   1.0999451e+00  -7.6043479e-01   2.5324186e-01   5.5593748e-01  -2.4971403e-02   1.0943869e+00
   2.0000000e+00  -1.2484515e-01  -1.6655997e+00   1.1062494e+00   9.0710738e-01   1.9139197e-01   1.2534529e+00
   2.0000000e+00   1.3772076e-01  -2.5332727e+00   1.3535072e+00  -2.0220119e+00   9.9139302e-01   5.6942696e-01
   2.0000000e+00  -4.9044358e-01  -2.3301448e-01  -3.5181670e-01  -1.7673067e+00  -3.9589769e-01  -4.6570263e-01
   1.0000000e+00   5.2341789e-01   5.9876562e-01   2.5655715e-01   2.8945441e-01   4.8024968e-01   6.7725850e-01
   2.0000000e+00  -1.5242348e+00   2.0702880e+00  -2.6175020e-02   1.0563093e-01  -3.7942344e-02  -5.9718839e-01
   2.0000000e+00  -1.0826092e-01   4.5311081e-01   2.3007598e-01  -4.1103681e-02  -1.1023841e+00  -2.6559735e-02
   2.0000000e+00  -9.7052542e-01   9.4829694e-01  -1.5029639e-01   6.3048325e-01   5.1006260e-01   2.8238406e-02
   2.0000000e+00  -8.6382708e-01   6.2243539e-01  -1.4635636e+00   1.2893557e+00  -4.6820259e-01   2.1380503e+00
   2.0000000e+00   5.2944041e-02  -3.4045428e-01  -1.7367859e-01  -3.4837216e-01  -3.7260288e-01   8.5717883e-01
   2.0000000e+00   5.6073896e-01   8.5529684e-01  -5.4578911e-01   1.5427216e+00  -1.1291388e-01   8.8210447e-01
   2.0000000e+00  -1.7665489e-01  -1.6967178e+00  -9.3853887e-02   3.1983138e-01   4.7119381e-01   1.5390483e-01
   2.0000000e+00  -3.4225702e-01   4.2852636e-01  -5.0929822e-02   1.4387920e-01  -6.9336687e-01   9.5863151e-01
   1.0000000e+00   3.0343949e-01   2.4273543e-01   1.7078953e-01  -3.7986036e-01   2.0399592e-01   4.0939322e-01
   2.0000000e+00  -2.5823049e-01   1.8124955e-01   1.5255811e+00   1.2621997e+00  -4.5087084e-01   9.1070357e-02
   2.0000000e+00  -1.2885419e-01  -1.4293639e-01  -1.2220303e+00  -4.4125671e-01  -3.0778365e-01  -1.6084100e+00
   2.0000000e+00   3.5244911e-01   8.5012574e-01  -6.0950684e-02   5.2849395e-01   5.9959756e-02  -3.2586013e-01
   2.0000000e+00  -6.1046436e-01   1.0235105e+00   3.0042850e+00  -4.7845607e-01  -9.7023132e-01   7.4711804e-01
   2.0000000e+00   7.3581433e-01   3.2390002e+00  -1.8698324e-01   7.2602360e-01   5.9000117e-01  -1.5590596e+00
   1.0000000e+00  -4.6711482e-01  -2.9350702e-02   9.0366592e-01   1.7425414e+00   1.1608888e-01   2.9020524e-02
   2.0000000e+00   1.1848257e+00   9.4711423e-01  -1.2984839e+00   9.3403928e-01   1.0089096e+00  -1.3284040e-01
   1.0000000e+00   3.1939451e-01  -4.6258270e-01   4.4102327e-01   7.9573426e-01  -8.8604113e-01   5.6058396e-01
   2.0000000e+00  -7.9257572e-02   5.2418629e-01   3.9297581e-01  -9.4999624e-01  -9.5246010e-01  -8.3756840e-01
   2.0000000e+00   2.7934648e+00  -1.2587749e-01  -3.0706233e-01  -1.5686124e-01   2.5686702e+00   1.1911529e+00
   2.0000000e+00   1.7867240e-01   2.7623566e-01   3.4370548e-01   5.1445856e-01   2.2139344e+00  -1.4864966e+00
   2.0000000e+00  -1.1092496e+00  -6.7551036e-01   2.1516312e-01   1.4722296e-01   1.2025817e+00  -3.8509296e-01
   2.0000000e+00   1.4145026e-02   4.9542763e-01  -8.6252282e-01  -1.2461296e+00   3.6328199e-01   3.0242512e-02
   1.0000000e+00  -6.1374702e-01  -5.1765860e-01   8.0498814e-01  -2.3539100e+00  -4.7649288e-01   1.5595942e-01
   1.0000000e+00   1.9371384e-01   1.4657289e-02   3.6942899e-02   1.9690508e+00  -3.4367738e-01   1.0356512e+00
   2.0000000e+00   6.3323178e-01  -2.9924719e-01   6.6633239e-01  -7.0017055e-01  -4.1509342e+00  -3.5041279e-01
   2.0000000e+00  -1.0970400e+00   9.8433042e-01  -1.0840145e+00   4.8998090e-01  -2.9714244e-01  -3.7022964e-01
   2.0000000e+00  -3.7285574e-01   9.1050336e-02   1.7243396e+00  -4.4804377e-01   2.0254052e-01   1.4451408e-01
   2.0000000e+00  -4.4573770e-03  -1.8686104e+00  -5.6099581e-01  -9.9829541e-01  -4.0458574e-01   2.1245559e+00
   1.0000000e+00   1.7878098e-01   9.0156156e-01   5.4622266e-01   4.3333243e-02  -7.4508415e-03  -5.1788614e-01
   2.0000000e+00   1.8554673e+00   5.7194285e-01   9.9970453e-02   1.0858486e+00  -1.1345832e+00  -1.2183952e-01
   1.0000000e+00  -1.2250504e+00   9.6230860e-01   1.5887795e-01  -5.6194071e-01  -6.4970705e-01   3.6902610e-02
   2.0000000e+00  -8.2165696e-01  -4.4395975e-01  -3.8880543e-01  -7.5354946e-01  -1.8414945e-01  -5.6847212e-01
   2.0000000e+00   2.0490624e-01   1.6241781e+00  -1.2850705e+00   1.0151057e+00  -7.1299849e-01   6.6794933e-01
   2.0000000e+00  -2.3583282e-01   1.0216657e-01   3.9294211e-01  -1.4768518e+00   1.0390001e+00   1.0403704e+00
   2.0000000e+00  -1.2404596e+00  -3.9103600e-01   1.5156357e+00   5.9434629e-01  -2.2364060e-01   1.6394762e-01
   2.0000000e+00  -2.1136716e+00  -5.8249950e-01  -2.2815436e-01   1.2196109e+00   1.1635416e+00   1.1467061e+00
   2.0000000e+00   4.6028298e-01   1.3684328e+00   2.1280745e-01   4.0345615e-01  -9.8734539e-01   2.0553473e+00
   2.0000000e+00   4.0947208e-01  -1.7564251e+00   1.0382017e+00   6.2678144e-01  -1.1638881e+00  -3.8095364e-01
   1.0000000e+00  -8.3841579e-01  -1.2899541e+00   7.3580848e-01   1.3313333e+00   3.3507261e-01   8.3761245e-01
   2.0000000e+00   4.2934595e-04  -1.3462190e+00   1.1172782e+00   1.3759267e-01   2.6701734e-01  -1.0490397e+00
   2.0000000e+00  -8.4364984e-01   3.1366694e-01   9.9879501e-01   1.3333526e+00   4.5981782e-01   1.5303922e-01
   2.0000000e+00   2.2944226e+00  -4.7451262e-01   4.2897293e-02  -1.1215097e+00  -2.4381776e+00   1.4000662e+00
   2.0000000e+00  -7.8783424e-01   1.3481833e+00  -8.9025731e-02   8.1049662e-01   2.6056920e-01   1.9760374e-02
   2.0000000e+00   3.9304723e-01   1.0011656e-01   2.5466078e+00  -1.4202988e+00   3.5977226e-01   2.2588187e+00
   2.0000000e+00  -5.6289443e-02  -9.9611252e-01  -7.8232808e-01  -1.0244447e-02  -2.6309953e-01  -7.1781329e-01
   2.0000000e+00  -9.0110191e-01  -1.7025797e+00  -1.0970727e+00   1.0994931e-01   3.2210595e-01  -1.2718740e+00
   2.0000000e+00  -3.9627364e-01   6.3666278e-01  -5.4976768e-01   4.2847689e-01   1.0931055e+00   4.1749107e-01
   1.0000000e+00  -4.2895090e-01  -5.4998571e-01   5.6004086e-01  -1.8954770e+00  -3.6769590e-01   1.5866440e+00
   2.0000000e+00   1.7253184e-01  -8.1817721e-01   9.0177596e-02  -3.5617360e-01   1.8115834e+00   3.6644964e-02
   2.0000000e+00  -1.1801318e-01  -7.7488477e-02  -6.3160944e-01  -2.4519527e-02  -1.3709304e+00  -1.0305541e+00
   2.0000000e+00   2.0351354e-01  -9.8903919e-01   2.6910473e+00   1.2902679e+00  -1.5188867e+00   1.2456745e-01
   2.0000000e+00   5.4174020e-01  -1.6292557e+00   1.0813714e+00   4.4797822e-01  -1.2282902e+00   8.2886051e-01
   1.0000000e+00   4.6739922e-01  -5.2626277e-01   6.1142902e-01  -3.2595927e-01  -2.9887275e-01   4.4819270e-03
   1.0000000e+00   1.0394647e+00  -1.0615508e+00   1.7193940e-01  -4.6714089e-01  -3.3478515e-01   1.3224435e+00
   1.0000000e+00   1.4104787e+00  -9.0033051e-01   4.8758524e-01  -4.8627080e-01  -6.4871033e-01   9.6765789e-01
   2.0000000e+00  -4.1911365e-01  -2.6041535e-01   3.3816429e-01   2.1659149e-01   1.3566871e+00  -7.9114645e-01
   2.0000000e+00  -5.6641388e-01   2.4909748e+00  -1.4447165e+00  -1.7094549e-01  -6.0060175e-01   1.2689960e+00
   2.0000000e+00  -1.2932275e+00   7.1287406e-01   1.6357159e+00   2.1471778e-01  -1.2665403e-01   9.7254988e-01
   2.0000000e+00   1.0379595e+00   2.0541115e+00   1.1008667e+00   1.1719855e+00   2.1636615e+00   2.6565089e-01
   1.0000000e+00  -8.4871639e-01   7.9238442e-02   8.0308744e-01   1.3506858e+00  -7.5143487e-02   6.4198047e-01
   2.0000000e+00  -1.7257225e+00   1.8023027e+00  -1.3006451e+00  -1.5697779e+00   8.7268253e-01  -6.9648598e-01
   2.0000000e+00  -6.0374180e-01   1.7327789e-02   2.1378195e-01  -1.9759797e+00   1.3935850e+00   2.7068377e+00
   2.0000000e+00   1.1045467e+00   2.9117771e-01  -6.8196093e-01  -1.2183050e+00   9.2023235e-01   3.4412682e-01
   2.0000000e+00   1.0070696e+00   1.5445269e-01   9.5264993e-01   1.1916422e+00  -5.1246922e-01  -1.0685957e+00
   2.0000000e+00  -6.9860070e-01  -9.2052704e-02  -1.3738615e-01   1.0292152e+00  -2.9328723e-01   1.8793624e+00
   2.0000000e+00   1.2774632e+00   2.2691779e+00   1.0433733e+00   9.1483727e-02  -2.8241963e-01   1.1096611e+00
   2.0000000e+00  -6.2778237e-02  -1.6815368e+00  -1.6696172e+00  -1.1866420e+00   2.5320587e-01   3.9149368e-01
   2.0000000e+00  -1.6080273e+00  -3.3659957e-01  -8.6162038e-01   1.2903870e-01   6.5308430e-01  -2.4766789e-02
   2.0000000e+00   1.0017913e+00  -4.8303289e-01   7.4818672e-01   2.8104587e-01  -1.2253492e+00   2.9067803e-01
   2.0000000e+00   8.9577038e-01   8.4339748e-01  -6.6889308e-01   2.6197195e-01   1.2646978e+00  -1.0325959e+00
   2.0000000e+00  -7.7289139e-01   4.2509463e-01  -2.7326571e-01   9.9589188e-01  -5.5077593e-01   1.0879621e+00
   2.0000000e+00   7.5838549e-01   2.0763513e-01  -2.7966429e-01   3.1153342e-01  -1.5154667e+00   1.9375389e-01
   2.0000000e+00  -1.6138504e+00  -1.3940863e+00   6.0295884e-01  -6.2815053e-01   9.0001609e-01  -6.9862654e-01
   2.0000000e+00  -7.1602217e-01  -1.7264424e+00  -7.8063723e-02   2.0991745e-01   2.4556135e-02   1.3722756e-01
   2.0000000e+00   9.5717606e-02   5.0864910e-01  -9.1930959e-01   1.0374226e-01  -1.2023659e+00   1.4750458e+00
   2.0000000e+00   1.0231499e+00   7.1761498e-03  -7.4641315e-01   9.4811201e-01  -1.4040175e-01  -5.9460669e-01
   2.0000000e+00  -5.1689245e-01   4.0274622e-01  -6.6751930e-01   1.1504043e-01   9.7919150e-01   8.6613880e-01
   1.0000000e+00   3.0756669e-01  -3.1305772e-01   1.2876730e-01   1.0028208e+00  -6.5800944e-01   1.0658630e+00
   2.0000000e+00   3.5561230e-01  -3.6159832e-01   2.1449064e+00  -2.0881257e-01  -1.0156415e+00   3.0550150e-01
   2.0000000e+00  -2.8203241e-01   4.5718205e-01   2.6506989e-01   1.4675475e-01   1.1205382e+00   1.5933400e+00
   2.0000000e+00  -4.3928884e-01   5.1713463e-01  -4.4644568e-01  -4.0183176e-01   5.9123063e-01  -2.4414402e-01
   2.0000000e+00  -1.7563070e-01   7.0760986e-01   1.9958706e+00  -2.7586322e+00   1.9709202e-01   2.2516412e+00
   2.0000000e+00   1.2444007e+00  -1.7925233e-01   4.7260058e-01   3.0306258e-01   1.9941725e+00   4.0498429e-02
   2.0000000e+00  -7.3370371e-02   1.3718630e+00  -2.4658288e-02  -1.9905813e+00  -2.1069517e+00   1.1311056e+00
   2.0000000e+00   1.2919266e+00   1.3758059e+00  -1.6156555e+00   6.6516685e-01   1.0538042e+00  -1.2505068e+00
   1.0000000e+00  -4.0592135e-01   2.0831130e+00   9.5355266e-01  -7.7296946e-01  -2.4785497e-01  -8.8216935e-01
   2.0000000e+00   2.1637006e+00   5.2826507e-01  -2.4494857e+00   1.6502735e-01  -7.9121848e-01  -3.4481466e-01
   2.0000000e+00   1.1894633e+00   1.0239537e+00   1.1050985e+00   3.6824883e-01  -5.0414099e-02   1.1502845e-01
   2.0000000e+00  -1.2404110e+00   1.4878232e+00   7.3685372e-01   7.5369073e-01  -1.9222813e+00   1.1373476e+00
   2.0000000e+00  -4.4475110e-01   1.5649498e+00   2.4195306e+00  -1.3062731e+00   1.2423847e+00  -1.1311007e+00
   2.0000000e+00   8.6019172e-01   1.1764346e+00  -3.2747754e-01  -8.5682462e-01   2.4123153e-01  -1.7447593e+00
   2.0000000e+00  -1.0650539e+00  -5.0886425e-01  -1.3653848e+00  -5.7079653e-01  -3.7162752e-01  -3.5668688e-01
   1.0000000e+00   1.5625118e+00   2.3123882e+00   8.9023163e-01   6.6588844e-01  -3.1757522e-01  -1.1633540e+00
   2.0000000e+00  -9.0053923e-01  -8.4194490e-01   1.5444978e+00   4.2667028e-02   3.2397409e-01   9.8261164e-01
   2.0000000e+00  -3.8504341e-01  -2.8079929e-01   7.8215446e-01   2.2089316e+00   1.4310627e+00  -1.0709183e-01
   2.0000000e+00   6.3915801e-01   9.6223524e-01  -9.9205773e-01   6.8951160e-01  -2.0657742e+00  -1.0679394e-01
   2.0000000e+00   6.2977809e-01  -7.4130893e-01  -1.2819866e+00   1.0075122e+00   5.5322882e-01  -1.4160878e+00
   2.0000000e+00  -1.2288411e+00   5.5811923e-01   2.9042444e+00  -1.5287626e+00  -8.3161377e-02  -3.9530394e-01
   2.0000000e+00  -1.9794062e+00  -2.0861445e+00   9.6240755e-01   2.0870430e+00  -3.6902607e-01  -7.5134761e-01
   2.0000000e+00  -5.5203457e-01  -1.7107098e-01  -6.8729164e-02   1.4501789e+00   1.9497350e+00  -9.2188600e-01
   2.0000000e+00   1.4531019e-01   1.2043513e+00  -2.3424118e-01   3.3384761e-01   6.1537843e-01   1.2806993e+00
   1.0000000e+00  -2.0501810e+00   5.4151532e-01   1.5841147e-01   2.5357983e-01  -8.1161195e-01   7.6494983e-01
   2.0000000e+00   3.8231425e-01  -2.9682695e-01  -1.3115572e+00  -4.6936469e-01  -1.7744402e-01  -1.0938770e-01
   2.0000000e+00  -1.9195831e+00   1.5026362e+00   3.1101556e+00  -6.2811803e-01  -2.3072514e-01   9.5047768e-01
   2.0000000e+00   1.8586975e+00   1.3853614e+00  -3.1968826e-01  -9.9866618e-01  -2.7328936e-01   1.4810266e+00
   1.0000000e+00   4.5185120e-02  -1.1302509e+00   1.0865299e-01  -9.8057851e-01   7.0237669e-01   1.0907978e+00
   2.0000000e+00   1.8217095e-01  -2.8854878e-01  -7.6637719e-01   1.0356261e+00   4.5504475e-01  -5.1669652e-01
   2.0000000e+00  -2.4703135e+00   2.9251289e-01  -3.2458972e-01   5.6349692e-02   8.1881969e-02  -3.9194070e-01
   2.0000000e+00  -4.3477809e-01  -2.1215492e+00   9.6225983e-01   7.2837850e-01   7.3890819e-01   9.6602845e-01
   2.0000000e+00  -6.2918904e-01  -2.0746990e-01   2.1242424e+00  -1.0409002e+00   1.5920210e+00  -2.9715222e-01
   2.0000000e+00   4.2878410e-01   2.0815604e-01   1.8921281e-03   1.6633336e+00  -4.4330091e-01   2.0751940e+00
   2.0000000e+00  -1.5116622e-01  -4.1696079e-02   9.6599418e-01  -1.2102239e+00   1.1941338e+00  -3.1930375e-01
   2.0000000e+00  -1.7109218e-01  -1.5674116e+00  -5.1656930e-01  -5.7736962e-01  -5.2732977e-01   1.9283690e-01
   2.0000000e+00   8.6018990e-01   1.3843456e+00   1.1203987e+00  -2.1719396e+00   1.1050356e+00   3.4343770e-01
   2.0000000e+00  -9.0005574e-01  -4.3294382e-01  -1.7947258e-01  -9.1187009e-01   3.5576754e-02  -5.9918888e-01
   2.0000000e+00   8.5592156e-01  -5.1844861e-01  -1.7050169e+00  -1.1695314e+00  -8.6214128e-01   2.0839887e+00
   2.0000000e+00  -9.2828065e-01  -7.6771493e-01  -1.9212920e-01   5.7512128e-01   1.5906159e-01  -2.9341823e-01
   2.0000000e+00   6.4778793e-01   2.2025759e+00  -4.8236136e-01   1.2517019e-01   1.8282396e-01   3.5055814e-01
   2.0000000e+00   6.7487541e-01   5.2511356e-01  -1.0656895e+00   5.8533969e-01  -1.7424615e-01   1.4840034e+00
   2.0000000e+00  -2.2794417e-01   1.2737042e-01  -1.6319665e+00  -6.3636799e-01  -1.8651977e+00  -1.1539613e+00
   2.0000000e+00  -1.2435313e+00  -3.2546158e-01   1.5010063e+00  -1.9457476e-01  -9.2326053e-01  -7.2753266e-01
   2.0000000e+00  -3.2682594e-01   1.6811069e+00   9.6883926e-01  -8.8415582e-01   1.3517644e+00  -2.1703592e-01
   2.0000000e+00   5.8345639e-01  -5.5338182e-01  -2.1633353e-01   1.6041727e+00  -9.8650898e-01   8.8549968e-01
   2.0000000e+00   2.2110954e-01  -6.8301094e-01  -1.3100268e+00   3.0434517e-01  -1.1132529e+00   8.8656343e-01
   2.0000000e+00  -1.0999376e+00  -1.8827807e+00   7.2366867e-01  -1.9207395e-02   1.5838224e+00  -7.6102717e-01
   2.0000000e+00  -9.8254910e-02  -9.6308024e-01  -3.6939559e-01  -2.3254262e+00  -2.7914740e-01  -9.4379297e-01
   2.0000000e+00   4.4450300e-01   5.8451677e-01   5.9646930e-01   2.3898211e+00   1.4415005e+00   2.2918777e-01
   2.0000000e+00  -1.0042633e+00  -1.5026558e+00  -1.4889544e+00  -9.1074506e-01   6.3585102e-01   1.0099844e+00
   1.0000000e+00  -8.4137695e-01   5.6746506e-01   5.4816864e-01   1.8110328e+00  -2.4776033e-01  -2.9153134e-01
   2.0000000e+00   1.1087846e+00   1.0788944e+00   1.3323145e+00   1.2397349e+00  -1.3569305e-01   2.9333098e-01
   2.0000000e+00   1.3150353e+00   2.8688256e-01  -3.7822223e-01   8.7173755e-01  -3.5584124e-02  -1.2423815e+00
   2.0000000e+00  -5.4419791e-01  -1.0988621e-01  -1.0395342e+00   6.7590347e-01  -1.3013244e+00  -2.8260544e-01
   2.0000000e+00   7.1101810e-01   2.0596261e+00  -8.2004119e-01  -6.5836414e-01  -1.6955259e+00  -1.5630833e+00
   2.0000000e+00  -9.8476647e-01  -8.5630120e-01  -4.6462621e-01   8.5705349e-01   1.0559511e-01  -2.4939574e+00
   2.0000000e+00   5.4966833e-01  -1.0144021e-01  -3.5234249e-01   3.9762958e-01   1.3019375e+00  -9.9049942e-01
   2.0000000e+00   2.4930754e+00   3.0495789e-01  -3.2365651e-01  -6.7536484e-01   3.7075136e-01  -1.4295480e+00
   2.0000000e+00   4.3220445e-01  -1.9304233e+00  -9.5858221e-01   2.4410022e+00  -2.0836501e-01  -1.3045198e+00
   2.0000000e+00   5.4944619e-01   3.5990341e-01  -4.6349054e-01  -9.5009617e-01  -3.4664303e-01   6.9650271e-02
   2.0000000e+00  -7.2045200e-01   8.8978046e-01  -3.1853347e-01   1.3929212e+00  -5.3244014e-01  -2.7993166e-01
   2.0000000e+00  -1.0351292e+00  -9.3805720e-01  -2.4370901e-01   1.3440056e+00   5.1950567e-01   5.9774217e-02
   2.0000000e+00   8.0013138e-02  -7.8946800e-01   7.8492551e-01  -1.9633995e+00  -8.1999297e-01   5.0324285e-01
   2.0000000e+00  -1.3386953e+00   5.3092804e-01  -8.7415570e-01   8.3627656e-01   1.6951917e+00  -7.7853483e-01
   2.0000000e+00   1.4857248e+00   2.5691981e-01  -6.3142952e-01   2.5708531e+00   7.7566178e-02   1.0499115e+00
   2.0000000e+00   7.4897624e-01   4.8765740e-01  -1.5323694e+00   7.9212727e-01   4.0295507e-01  -8.9955618e-01
   1.0000000e+00  -8.3997668e-01  -8.6221062e-01   3.9456678e-01   2.6405989e-01   8.4690232e-01  -3.4538455e-01
   2.0000000e+00   6.3921781e-01   1.6092064e+00   1.3855013e+00  -2.1557573e+00   1.9949453e-01  -1.4024692e+00
   2.0000000e+00  -7.5737136e-01  -1.1299524e+00  -1.4930766e+00  -1.5074141e+00  -5.7182759e-02  -4.6699023e-01
   2.0000000e+00  -1.0412016e+00  -2.0304841e-01   1.4955172e+00   1.7692973e+00   1.0910943e+00  -1.7997625e+00
   2.0000000e+00  -2.7606016e-03   2.2540497e-01   9.0645916e-01  -7.3049785e-01  -1.4157621e+00   1.0313290e-01
   2.0000000e+00   1.4758623e+00  -4.5187015e-01  -2.6736632e-02  -1.2633342e+00  -3.2066611e-01   1.9430824e+00
   2.0000000e+00   5.9010447e-01  -1.2017910e-01  -6.1852488e-01  -3.2309141e-01   5.3301844e-01   1.6674576e+00
   2.0000000e+00   1.3090460e+00   4.1965671e-01   3.0053553e+00  -8.9036062e-01  -1.8872594e+00  -7.4419381e-01
   2.0000000e+00   2.8992372e-01   1.4605410e-01  -6.7271407e-01   7.9399239e-01  -1.1556677e+00   3.6079924e-01
   2.0000000e+00   4.6545451e-01   1.1560489e+00  -1.3538145e+00  -2.3946446e+00   4.2104195e-01   6.3410092e-01
   2.0000000e+00   1.0986304e+00  -1.2847228e+00  -2.4409709e+00  -2.3228945e-01   9.8766077e-01  -8.2666364e-01
   2.0000000e+00  -6.4675146e-01   3.7511483e-01   6.6466994e-01   1.1521609e-02   2.8691814e+00   2.1438727e-01
   2.0000000e+00  -2.1676086e+00   1.0549562e-01   1.1855828e+00   6.0902788e-01  -6.3492771e-01  -1.5236990e+00
   2.0000000e+00   1.4271257e+00   2.8107630e-01  -6.9477030e-02   7.4501255e-01   6.2335350e-01  -2.4078228e-01
   1.0000000e+00   5.5681078e-01   8.5961432e-01   2.9976967e-01  -6.8117131e-01  -8.2511285e-01   1.1359979e+00
   1.0000000e+00  -9.4687776e-01  -1.1318065e+00   3.3921392e-01  -4.0547816e-01  -5.3642488e-01  -1.2918503e+00
   2.0000000e+00   8.1378990e-01   1.5155948e-01   1.2707668e+00   1.5317374e+00  -7.6596792e-01  -1.1880536e+00
   2.0000000e+00   1.4152849e+00  -1.5370136e+00   9.7030806e-01  -1.2005614e+00  -9.9583830e-01   1.1374366e-01
   2.0000000e+00  -9.7155739e-01  -3.1188382e-01   9.5653316e-01  -4.3347901e-01  -3.1646493e-01   5.3346819e-01
   2.0000000e+00   8.8080911e-01  -3.6563740e-01   8.2311162e-01   4.0987747e-01  -1.7887253e+00   1.2553062e+00
   2.0000000e+00   1.1078140e+00   1.2613621e+00  -1.2912242e+00  -6.7613155e-01   1.0248129e+00  -1.0792064e+00
   2.0000000e+00  -1.1205537e+00   2.3715061e-01  -2.0729301e+00  -4.2709001e-02  -1.1641955e+00   1.6574137e+00
   2.0000000e+00   3.9830112e-01   7.7668916e-01   2.2560302e-01   5.0237130e-01   1.0826007e+00   1.6776875e+00
   2.0000000e+00   4.9447763e-01   7.1975031e-01  -1.5231483e+00  -3.3818879e-01  -2.0325053e-01   9.8238984e-01
   2.0000000e+00   2.2651094e+00   3.9203347e-01  -2.0964489e+00  -4.6057932e-01  -4.4645982e-01  -3.9348355e-02
   2.0000000e+00  -2.0039200e-01  -9.0375285e-01  -1.4154307e+00   1.1012517e+00   6.5121116e-01  -6.3882302e-01
   1.0000000e+00  -1.6681672e+00   1.4007650e+00   7.7269456e-01  -1.2384588e+00  -3.1012392e-01  -3.8231494e-01
   1.0000000e+00  -7.7322171e-01  -5.9502149e-01   3.0378211e-02  -8.3483040e-01   2.4672307e-01   1.2243834e+00
   1.0000000e+00  -4.4159591e-01  -1.1511322e+00   1.2716363e-01  -1.1322672e+00  -8.9525602e-01   8.6431693e-01
   2.0000000e+00   2.5037685e+00  -1.1833937e+00  -9.1441510e-01   1.6498626e-01   1.1635336e+00  -2.4739047e-01
   1.0000000e+00  -8.3535025e-01  -1.1827359e+00   6.8963297e-01  -1.0329650e+00   1.5382897e-01  -8.3757196e-01
   2.0000000e+00  -1.4184923e+00  -6.0636508e-01  -6.8824794e-02  -9.6700884e-01  -5.7533600e-01   4.3112576e-01
   2.0000000e+00   1.5180214e+00   5.4623874e-01  -5.4969329e-01  -5.0542329e-02   9.3966168e-01  -1.5337106e+00
   2.0000000e+00  -6.8768520e-01   4.7852511e-01  -4.2198546e-01   1.2004696e+00   4.2935415e-01  -3.5653055e-01
   2.0000000e+00   4.0044254e-01   1.5093209e+00  -1.3910400e+00   2.0987760e+00   1.0049740e+00  -8.0102238e-01
   1.0000000e+00  -1.4225492e-02   4.9802837e-01   8.6898004e-01  -6.6164524e-01   3.8405912e-01  -3.2819298e-01
   2.0000000e+00  -1.9459640e+00  -5.5445743e-01  -4.9871748e-01  -1.6772578e+00   7.6703658e-01   1.6770417e-01
   2.0000000e+00  -5.4081423e-01   5.5674399e-01   6.5017281e-01   9.8236631e-01   1.9111915e+00   1.3233953e-01
   1.0000000e+00  -7.0086944e-01  -2.0899503e-01   6.1358829e-01  -9.5513786e-01   6.2704760e-01  -1.4169601e-02
   1.0000000e+00   5.4729570e-01  -6.7961791e-01   5.3467738e-02   4.7775211e-01   4.6468484e-02  -7.1787113e-01
   2.0000000e+00  -1.2658593e+00  -8.6810616e-01   1.4618541e+00  -4.5954572e-01  -1.0944503e-01  -5.3164311e-01
   2.0000000e+00  -3.2846552e-01   4.4324335e-01  -1.2269622e+00   3.5214582e-01  -6.3057213e-01   5.3763712e-01
   2.0000000e+00   7.0517718e-01  -3.4628533e-01   9.5261319e-01  -9.1763698e-01  -4.7471769e-01   2.3052673e-01
   2.0000000e+00   1.1384189e-01  -1.6555538e+00   1.3241931e+00   1.5467754e+00   1.1233589e+00   1.5631941e+00
   2.0000000e+00  -1.8445517e+00  -6.0581554e-01  -8.7590603e-02  -2.5948723e-01  -1.9270867e-01  -1.4041776e+00
   2.0000000e+00   4.0387650e-01  -8.7907394e-01  -3.9330448e-01   5.0595122e-01   3.0441463e-01   2.1784064e+00
   2.0000000e+00   9.0924373e-01   1.3433155e+00  -3.7278700e-01  -1.2114013e+00  -1.0131850e+00  -9.6448773e-01
   1.0000000e+00   3.1439548e-01  -2.1801443e-01   9.3601457e-02  -4.5329024e-02   1.4471116e-01  -1.6808530e+00
   2.0000000e+00   1.5983643e-01   5.9943689e-01   1.1573264e+00  -7.3446923e-01   6.8665946e-01  -2.0529959e-01
   2.0000000e+00  -4.3058704e-01   7.1563865e-01  -1.5630300e-01  -3.2751542e-01  -6.2131446e-01   5.7900468e-01
   2.0000000e+00  -1.7538120e+00   9.8076142e-01   1.1524385e+00  -1.3620961e+00  -8.7945008e-01   2.8188803e+00
   2.0000000e+00  -2.8987395e-02   1.2265787e+00  -1.9759579e+00  -7.1475557e-01  -9.8076135e-01  -4.5715266e-01
   2.0000000e+00   6.8211904e-01   2.2289914e-01  -5.7975980e-01  -2.1403261e-01  -1.1263489e+00  -1.4730814e+00
   1.0000000e+00   1.0561187e+00   1.0304201e+00   2.6155035e-01  -8.7375403e-01  -8.5511742e-01   5.0643840e-01
   2.0000000e+00   2.6114385e-01  -9.7128154e-01   6.2680253e-01  -5.4483327e-01  -1.5543386e+00   4.9671529e-01
   2.0000000e+00   1.5494261e-01  -4.9299972e-01  -1.0667492e-01   1.1870535e+00   9.2073083e-01  -3.5397357e-01
   2.0000000e+00  -3.1014191e-01   9.4338843e-01  -1.1281011e+00   7.5106808e-01   6.9210325e-01   1.6895104e-01
   2.0000000e+00   1.6642757e+00   1.6873053e+00  -6.0190097e-01  -6.7398800e-02   5.4976843e-01   3.7583154e-01
   2.0000000e+00  -4.0976242e-01  -1.4031917e+00  -5.5607257e-01  -1.3386991e-01  -1.0794251e+00   3.6244637e-01
   2.0000000e+00   5.0694049e-01   1.4647926e-01  -1.6309285e-02   9.8639390e-01   2.8176331e-01   1.1515941e+00
   2.0000000e+00  -6.8176547e-01  -2.4402502e-02   3.0758318e-01  -1.6033390e+00   5.1958139e-02  -3.1632845e+00
   2.0000000e+00  -1.3055629e+00  -1.7821780e+00  -4.9984133e-01   1.0937664e+00  -4.4514704e-01  -5.7323285e-01
   2.0000000e+00  -2.1569431e+00  -5.9806866e-02   9.1078744e-01   1.3697694e+00  -1.0487715e+00   1.1621738e+00
   2.0000000e+00  -3.7761439e-01  -9.3281858e-02   1.0338838e+00  -9.4870751e-01   3.1236986e-01  -6.9159756e-01
   2.0000000e+00   2.5298642e-01  -1.3841246e+00   1.1946823e+00  -1.5018505e+00   1.7612222e+00  -1.0854060e+00
   2.0000000e+00   5.7130881e-01   3.8619219e-01  -6.2815277e-01  -7.5200621e-01   6.0133042e-02   1.5457891e+00
   2.0000000e+00   9.8176928e-01  -2.1328805e+00  -6.4395981e-01  -4.4308336e-01  -2.7999710e+00   1.5840103e+00
   1.0000000e+00  -3.2206461e-01   6.1005667e-01   7.4602195e-01   8.6006899e-02   2.1752510e-01   1.9033199e-01
   2.0000000e+00   3.7253168e-01   5.9364276e-01   2.6013564e-02   6.6034985e-01   1.9903825e+00  -3.5406041e-01
   1.0000000e+00  -1.8537750e+00  -1.1041230e+00   6.1483084e-01   2.1914438e-01   2.6890496e-01  -8.7238950e-01
   2.0000000e+00  -8.9880824e-01  -1.7945993e-01   1.2952594e+00  -4.6597850e-01  -4.1614074e-01  -2.2345954e-01
   2.0000000e+00  -8.5673841e-01   7.9248007e-01  -2.9173968e-01   1.0278272e+00  -7.9901385e-01   1.3731164e-01
   2.0000000e+00  -1.7714771e+00  -6.1601582e-01  -3.9540201e-01  -1.6925395e-01   8.3706679e-01  -1.6781153e+00
   1.0000000e+00   1.2241461e+00   5.0116097e-01   5.0401682e-01  -1.3412473e-01  -2.4722115e-01  -9.4690317e-01
   2.0000000e+00  -1.6827892e+00  -1.5404260e+00  -3.9052531e-01   6.0812760e-03   8.8215218e-02  -5.7306977e-01
   2.0000000e+00   2.7935364e-01  -6.8244588e-01  -4.3536622e-01   8.3304418e-01  -3.1819500e+00   1.2314902e+00
   2.0000000e+00   4.3271462e-01  -7.1757851e-01  -5.8273436e-01  -1.1083792e+00  -8.3057154e-01  -1.8669001e+00
   2.0000000e+00  -2.9095729e-01  -2.1527480e-02  -7.1613027e-01   5.5153404e-01  -3.5256326e-01   1.1455219e-01
   2.0000000e+00  -1.2283783e+00  -7.5983407e-01  -1.7242064e-01   1.0857068e+00   3.9058663e-01  -1.9103940e+00
   2.0000000e+00  -6.2605824e-01  -4.6940774e-01  -8.1751699e-01   4.0376580e-01   6.3370800e-01   1.7623058e+00
   2.0000000e+00   3.0728975e-01  -9.5324333e-03   6.5609069e-01  -5.7130232e-01  -1.3933048e+00  -9.1566806e-01
   2.0000000e+00   2.2485450e+00   3.8754228e-01  -1.3073687e+00  -1.3271047e+00  -2.5183040e-01  -9.9599143e-01
   2.0000000e+00   2.0784226e-01   1.1523791e+00  -1.8331467e-01   5.5617003e-01  -1.9902823e+00  -3.9329632e-01
   2.0000000e+00  -2.7810962e-01  -5.3952439e-02   1.0129906e+00   2.6245368e+00  -6.9160758e-01   1.4409528e-01
   1.0000000e+00  -1.4472744e+00   1.2986789e+00   2.1378606e-01   1.8119532e+00   8.6232416e-03   4.1078629e-02
   2.0000000e+00  -4.7929710e-01   8.8781963e-01   3.4708685e-01   1.4931589e-01   1.7496921e+00  -1.8252864e+00
   2.0000000e+00  -1.6807534e-01   1.2190412e+00   1.4569298e-01   1.8976467e-01  -1.8259431e+00   1.0762359e+00
   2.0000000e+00  -6.8733687e-02   1.1582166e+00   1.5773578e-01  -2.2124541e-01   1.4008905e+00   2.6081449e-01
   2.0000000e+00   3.3160296e-01  -1.1024592e+00   4.4890878e-01   1.8207438e+00  -1.0188306e+00   1.6859826e-01
   1.0000000e+00   1.4978441e+00  -2.0937020e-01   4.4947027e-01   2.0568008e+00  -5.3201490e-01  -9.3267851e-01
   2.0000000e+00  -1.1717258e+00  -4.3168010e-02  -1.7155455e-01   3.2535170e-01   5.9512917e-01  -9.9482900e-01
   1.0000000e+00  -2.6048429e+00  -1.5493817e-01   4.6634784e-01  -5.0681041e-01   4.6073578e-01  -1.0275364e+00
   2.0000000e+00  -1.2423481e+00  -3.2102147e-01  -2.1442529e+00   6.7138801e-01  -2.4976574e-02  -4.7329004e-01
   1.0000000e+00  -1.1855249e+00  -6.6556551e-01   1.2614646e-01   1.8648281e+00   2.2312493e-01   9.9318059e-01
   2.0000000e+00   8.4775967e-01   5.0308083e-01  -3.9330694e-01  -7.5904055e-01   6.6359614e-02   2.1114042e-01
   2.0000000e+00  -1.3524300e-01   2.2343245e-01  -6.7248448e-01   8.5055990e-01  -3.0763131e-02   4.4050044e-01
   2.0000000e+00  -5.4139658e-01  -1.3161388e-01  -7.3971550e-01  -9.1264737e-01  -6.0362323e-01  -9.8460392e-01
   2.0000000e+00   7.8553908e-01  -4.3246347e-01  -7.8725658e-02   1.4089967e+00   1.9330990e-01  -1.1782769e+00
   2.0000000e+00   7.8426984e-01  -8.8307013e-01   2.3400550e+00  -5.5591800e-01   8.4878653e-01   3.3820389e-01
   2.0000000e+00  -7.4330205e-01   6.0776518e-01  -3.5943364e-01  -5.3930368e-01  -2.9387401e-01  -3.1869015e-01
   2.0000000e+00   1.2539699e+00  -1.0365235e+00  -4.6812609e-01  -8.8041985e-01   4.9155788e-01  -1.2058813e+00
   2.0000000e+00  -5.0251603e-02  -6.9699915e-03   1.0589426e+00  -1.2437554e+00  -8.5219828e-01   2.5876500e+00
   2.0000000e+00   1.9192146e+00   3.9631618e-01  -3.6774277e-01   5.9559463e-03  -4.1789752e-01   5.1611680e-02
   1.0000000e+00  -1.1739892e+00   1.6595724e+00   3.5000020e-02  -3.3353638e-01   4.9332633e-01   5.8687510e-01
   2.0000000e+00  -1.2657159e+00   1.4703113e+00   1.4127117e+00   2.0558368e-01   6.0127176e-02   9.7843237e-01
   2.0000000e+00  -1.2672043e+00   1.1425666e-01  -5.3128576e-01   2.1795894e-01  -1.4093545e+00   2.5457626e-01
   2.0000000e+00  -1.7016473e+00  -1.0806489e+00  -8.0267377e-01  -2.5413938e+00   6.2702698e-01  -1.3319026e+00
   2.0000000e+00   1.0265166e+00   8.6368637e-01   5.7957233e-01  -1.2646438e+00  -1.0728686e+00   9.4281430e-01
   2.0000000e+00  -1.7318807e-01  -1.2749575e+00  -1.2847624e+00  -3.8812879e-02   1.4481918e-01  -1.0133173e+00
   2.0000000e+00  -6.5453147e-02  -5.4209883e-01  -1.1260015e+00   1.1211894e+00   3.2520193e-01   7.3843249e-01
   2.0000000e+00   5.1630493e-01   2.8938971e-01  -9.2075341e-01  -1.8835379e+00  -1.0966131e+00  -1.1805890e+00
   2.0000000e+00   2.0723898e-01  -6.3649123e-01   1.7900775e-01   2.7131844e+00  -1.7674553e+00   8.9173695e-02
   2.0000000e+00  -1.3244212e+00  -6.8876561e-01   1.9410668e+00  -3.7624133e-01   2.1577625e-02  -1.5640310e+00
   2.0000000e+00   7.5206831e-01  -5.2586957e-01   1.0331682e+00   5.2028434e-01   6.5485333e-01  -2.1313705e+00
   2.0000000e+00  -5.7233477e-01  -1.1478648e+00  -1.2763874e+00   1.1120873e-01  -3.2495644e-01   2.2457653e-01
   2.0000000e+00   2.2765788e-01  -4.6219091e-01   1.2959468e+00   3.8800338e-01   1.2287084e+00   1.1934192e-01
   2.0000000e+00  -4.1387826e-01  -2.7275253e-01   1.0069807e+00   3.3033813e-01  -1.5284362e-01  -4.8065514e-01
   2.0000000e+00   1.4189593e+00   3.8648503e-01   7.0074429e-01  -1.4098348e+00   3.9875992e-02   2.0066105e+00
   2.0000000e+00   2.4028004e-01  -1.9447195e-01   2.3241015e+00  -8.7015401e-01  -1.5249130e+00   1.2308781e+00
   2.0000000e+00   4.6028766e-01  -1.3561466e+00   1.9874399e+00   1.5772267e+00  -8.5713106e-01   1.1621850e+00
   2.0000000e+00   2.3715091e-01  -6.5724201e-03   1.8431691e+00  -1.9461283e+00  -5.8838524e-01   2.9303044e-01
   1.0000000e+00   7.0581936e-01   1.5027250e+00   3.4814638e-01  -7.9892744e-01   5.8051629e-01  -1.5804309e+00
   2.0000000e+00  -2.5405818e-01   7.8491879e-01  -2.1908153e-01  -1.1107741e+00   3.6622485e-01   5.5171800e-01
   1.0000000e+00   2.3499250e-01   1.9113798e-01   5.9851550e-02  -1.9646223e+00  -6.5275882e-01  -5.4020782e-03
   2.0000000e+00   2.1803437e-01   7.1937737e-01   9.4266141e-01   1.7986321e-01   5.9720501e-01  -1.0458079e+00
   2.0000000e+00  -7.9146132e-02  -1.2074048e+00  -1.9685025e-02  -2.1962827e+00  -6.1068966e-01   4.4693641e-01
   2.0000000e+00   8.2717596e-02  -1.3758436e+00  -1.4277388e+00   1.9445322e+00  -9.9924851e-02  -7.2001564e-01
   2.0000000e+00   6.0490499e-01   9.9907776e-01  -8.2640048e-02   1.2666449e+00  -3.1754916e-01  -9.1667282e-01
   2.0000000e+00  -1.3207016e-01  -1.1975556e+00   1.9551336e+00   1.7922074e-01  -6.2919293e-01   1.8277682e+00
   2.0000000e+00  -1.5171729e+00  -1.1900982e-01   2.3811544e+00   3.0163800e-01  -4.6218526e-01  -3.8815804e-01
   2.0000000e+00   1.2506739e-02   7.4978931e-02  -1.0888890e+00  -2.4060521e-01  -1.6323140e+00   1.7208356e+00
   2.0000000e+00  -3.9583294e-01   2.1222468e-01   5.6494244e-01  -1.3603827e-01  -9.6098272e-01  -4.9189700e-01
   2.0000000e+00   7.9235108e-01   1.8925273e-01  -2.7914372e-02   1.7476308e-01   1.0050372e+00   6.6435823e-01
   2.0000000e+00  -7.8221263e-01   2.7446600e+00   6.0089330e-01   7.7927468e-01  -1.1417215e+00  -9.3424393e-01
   2.0000000e+00  -2.3448203e-01   6.7678684e-02  -1.8274329e+00  -9.9836901e-01   8.1676918e-01  -1.5076008e+00
   2.0000000e+00  -1.9182552e+00  -3.8703878e-01   1.3361914e+00  -1.0011143e+00  -4.1390606e-01  -1.1304878e+00
   2.0000000e+00   1.4926146e-01  -9.0023764e-01  -2.2277913e-01   5.0872375e-02   7.7175806e-01   3.1482332e-02
   2.0000000e+00  -3.2410297e-01  -1.7489741e+00  -2.9057216e-01  -1.2729965e+00  -4.6779580e-01   2.0708453e-02
   2.0000000e+00   8.1512035e-01   2.7426906e+00   1.1438452e+00  -1.1090094e-01   5.4994250e-01   1.7159318e+00
   2.0000000e+00  -1.2786212e+00   1.2724410e+00  -2.4528192e+00   2.5414213e-01  -2.0732674e-01  -4.1544131e-01
   2.0000000e+00  -6.3663014e-01   8.5239071e-01  -2.9088946e-01   1.2246889e+00   3.4550517e-01   1.5880747e+00
   2.0000000e+00  -1.7610632e+00  -4.4216239e-01  -7.2118453e-01  -8.2715134e-01  -4.2387000e-01  -1.1106950e+00
   1.0000000e+00   7.6199686e-01  -8.3574353e-01   7.7727710e-01   4.1476508e-01   1.9491062e-01  -6.0090899e-01
   2.0000000e+00   3.5536869e-01  -1.2914613e+00   9.0081916e-01  -1.0009156e+00  -6.0995088e-01   4.1858274e-01
   2.0000000e+00   1.0140692e+00   5.6825195e-01  -8.3653391e-01   1.8773773e+00   8.2961217e-01  -1.1191260e+00
   1.0000000e+00   3.6940666e-01   3.9187348e-01   5.1375098e-02  -3.4954143e-01  -2.2406999e-01   6.3664178e-02
   2.0000000e+00   1.6110647e+00  -1.3511322e-02  -9.2209139e-02  -6.2055487e-01  -1.3140968e+00   9.7375754e-01
   2.0000000e+00  -4.9409884e-01   3.0734837e-02  -1.6816942e-02   1.7318174e+00  -1.0037925e+00  -1.0259986e+00
   2.0000000e+00  -5.9436148e-01  -5.6009855e-01  -1.2410636e-01  -4.1557838e-01  -8.5577647e-02  -2.9851271e-02
   1.0000000e+00   1.1136262e+00   3.7885990e-01   3.9361528e-01   1.0370453e+00  -1.3974651e-01  -4.1155914e-01
   2.0000000e+00   3.6520597e-01   1.6507459e-01  -6.6196690e-01   1.3225532e-01  -1.5752863e+00   7.4463321e-01
   2.0000000e+00  -1.3421211e+00   2.0154983e+00   3.8634793e-01   5.9019621e-01   1.8257190e+00   8.5731872e-01
   2.0000000e+00  -4.0529203e-01   3.0955195e-01   6.2606267e-01   1.0209953e+00   1.8253415e-01  -2.4290407e+00
   2.0000000e+00  -5.1978093e-01   7.5216495e-01  -1.1866834e+00  -2.3292464e+00   1.4021022e+00   1.1161346e-01
   2.0000000e+00  -2.3820826e-01   4.3742347e-01  -1.0279111e+00   2.3351697e-03   7.6968939e-01  -2.1605708e+00
   2.0000000e+00   2.0611938e-01   9.8266446e-01   1.5597810e+00  -3.8129972e-01   3.1361698e-01   4.2945277e-01
   2.0000000e+00  -9.0017060e-01  -4.9114520e-01  -1.5353151e+00  -7.6854338e-01  -1.1931804e-01  -5.3568271e-01
   2.0000000e+00   5.3099017e-01  -7.8725557e-01   1.6434170e+00  -6.1328538e-01   2.6699875e-01  -1.0632163e+00
   2.0000000e+00  -2.2670733e-01  -2.6108762e-01  -3.4090767e-01  -2.8451309e-01  -6.8322620e-02  -1.8017299e+00
   2.0000000e+00   1.9666796e+00   1.6877899e+00   1.0782094e+00   1.1541146e+00  -2.7731590e-01   1.3709736e+00
   2.0000000e+00  -2.1531036e-01  -7.0147927e-01  -1.1368895e+00   1.6856332e+00  -1.2185265e-01  -5.5507281e-02
   2.0000000e+00   7.7512174e-01  -2.5671751e-01   1.0230805e-01  -8.4843899e-01   3.0592780e+00   2.0594490e-01
   2.0000000e+00   1.7955594e+00   1.0884409e+00   8.8337083e-01  -1.6670639e+00  -7.7251838e-01  -8.9371942e-01
   2.0000000e+00   4.8507005e-01  -9.0513055e-01  -2.3076176e-01  -4.8172855e-01  -1.6773158e+00   4.1905657e-01
   1.0000000e+00  -2.8113316e-01   2.8729395e-01   5.4902914e-01   1.4080947e+00  -5.7680149e-01   1.5465080e-01
   2.0000000e+00   3.8795901e-02  -3.6787371e-01   7.5887966e-01   8.7292919e-02   1.1316588e+00  -2.8575376e-01
   2.0000000e+00   2.1009112e+00  -5.5622564e-03  -1.3091548e+00   1.3610596e+00  -5.4618237e-01  -1.2130314e+00
   1.0000000e+00   7.3403315e-01  -3.7013369e-01   5.3324799e-01   7.5892313e-01   3.3073125e-01  -7.7039460e-01
   2.0000000e+00  -3.9671982e-01   5.9344687e-01  -8.9982103e-01  -1.0167400e-01   6.9077449e-01  -5.3444320e-01
   2.0000000e+00   6.4989491e-01  -1.4948602e+00  -2.8524529e-01   1.6499843e+00   1.0574009e+00  -4.0178302e-01
   2.0000000e+00  -1.7999378e+00   1.9099184e-01  -1.1433118e+00   2.0340141e-01   2.3283346e-01   4.3935729e-01
   2.0000000e+00   5.9410781e-01  -3.3472535e-02   9.3636005e-01   1.0511167e+00  -8.8656893e-01  -3.5925794e-01
   2.0000000e+00  -1.7527790e-01  -7.2844478e-01   4.4074059e-01  -4.5461225e-02   1.2711847e+00  -8.5203452e-01
   2.0000000e+00   1.4467549e+00  -6.7755037e-01  -1.9705779e+00  -3.3453336e-01  -4.3436494e-01  -1.5625169e+00
   2.0000000e+00   1.4746624e+00  -4.5980935e-01   1.7552935e+00   5.6758439e-02  -8.1854367e-01  -4.8233625e-01
   2.0000000e+00  -8.5677091e-01  -6.9210764e-01  -1.6129014e+00   2.2877769e-01  -3.7224769e-01   1.2144524e+00
   2.0000000e+00  -3.8227074e-01   3.7756109e+00   1.1107517e+00   1.4238646e+00   6.1439673e-01  -9.5202993e-01
   2.0000000e+00   9.9601441e-01  -9.0417567e-02  -8.6129606e-01  -3.8081649e-01  -1.0603184e+00  -5.7366828e-01
   2.0000000e+00   7.2736969e-01   4.7825762e-01  -1.7586275e+00   2.2361341e+00  -1.3920468e-01  -6.6563309e-01
   2.0000000e+00  -7.3897309e-01  -1.3396152e+00  -5.9558793e-02   9.8226451e-01  -8.8439934e-01   2.5526247e-01
   2.0000000e+00   6.8590263e-01  -1.8082582e-01  -8.7832358e-02  -9.7567441e-01  -1.2629641e+00  -5.9180214e-01
   2.0000000e+00  -4.1513939e-01   7.3062061e-01   1.8830803e-01  -1.7199632e+00   1.1338575e+00   7.2888650e-01
   2.0000000e+00  -5.5904801e-02   1.2179276e+00   9.9081357e-01  -9.5352007e-01   6.9929276e-01  -9.4606180e-02
   2.0000000e+00   1.4637044e-01   1.7118718e+00   1.5862502e-01  -1.6474226e+00  -1.6012770e+00  -2.2622081e-01
   2.0000000e+00   4.2615688e-01   7.8403735e-01  -1.4162504e+00  -1.9707154e-01  -8.1673808e-01   4.5150051e-01
   1.0000000e+00   1.0834190e-01   5.8590578e-01   1.7453423e-01   8.0065096e-01   6.3968548e-01   3.6979276e-01
   2.0000000e+00  -5.3777210e-01  -4.3802086e-01   2.6390259e-01  -2.2866663e+00   1.4285705e+00   1.8891357e-01
   1.0000000e+00  -5.3758538e-01   6.6722802e-01   7.5970993e-01  -1.7829052e+00   2.0752714e-01  -8.2985691e-01
   2.0000000e+00   2.2136244e-01  -5.7003035e-01  -6.2664574e-01  -2.4095124e-01   6.2391014e-01  -9.1928320e-01
   2.0000000e+00  -8.3042520e-01  -1.7702165e-01  -6.7645268e-01   1.0496111e+00   1.1235869e-02  -3.7730692e-01
   2.0000000e+00  -1.4806214e-01  -1.4516690e+00  -1.0046235e+00  -1.6160249e+00  -8.2319616e-01  -1.3014787e+00
   2.0000000e+00   6.1860824e-01  -1.0885280e+00  -9.3698997e-01  -1.3846823e+00  -8.8951004e-01  -2.8234637e-01
   1.0000000e+00  -6.1816488e-01   1.6665575e+00   6.2139905e-01  -4.8447646e-01  -4.7204876e-01  -9.8436866e-01
   2.0000000e+00  -7.0201399e-01  -2.1888879e+00  -4.2341426e-01  -2.2886392e+00  -1.3941267e+00  -6.2887994e-01
   2.0000000e+00  -1.0039479e+00  -2.4440223e+00  -3.3980685e-01  -1.0942131e+00   2.7918247e-01   1.9918360e+00
   2.0000000e+00  -1.2895170e+00   4.8425321e-01  -1.2498247e+00  -1.0556121e+00   7.9106935e-02  -2.7305681e-01
   2.0000000e+00   8.9908639e-01   1.4990798e+00   6.1310414e-01  -1.2322675e+00  -5.8754616e-01   2.0258793e+00
   1.0000000e+00   4.9100449e-01   8.0893498e-01   5.3454525e-01   9.4784518e-01  -3.7696403e-01   2.0426980e-01
   2.0000000e+00  -5.2884963e-01  -2.0520377e+00  -7.6718624e-01   1.1952002e+00  -5.4392533e-01   3.5631135e-01
   2.0000000e+00  -2.5409335e-01  -1.1719244e+00   9.3874804e-01  -1.3752380e+00   9.8214692e-01  -1.0263566e+00
   1.0000000e+00   3.9252315e-01  -7.5646472e-01   2.5745142e-01  -2.1182451e+00   3.8422569e-01   1.2515248e+00
   2.0000000e+00   3.4258363e-01  -1.4522842e+00   8.0014204e-01   9.0695461e-03  -6.7432399e-01  -2.9249308e-01
   2.0000000e+00  -4.6411034e-01   1.2434388e+00  -3.3164712e-01  -1.3769016e-01   6.4295161e-01   2.5479562e+00
   1.0000000e+00  -4.9847082e-01   1.2474309e+00   5.1296941e-01   7.1506381e-01  -6.6577084e-01   1.2825797e-01
   2.0000000e+00  -8.4808984e-01   3.7266571e-01  -6.4263131e-01   3.5209100e-02   3.4543707e-01   1.4376914e+00
   1.0000000e+00  -2.7663580e-01  -1.8173443e+00   4.9190610e-01   3.0023306e-01  -1.4375657e-01   7.3250235e-01
   2.0000000e+00   7.1499599e-01   6.3134671e-01  -2.3507937e+00   1.0642388e+00  -7.8672717e-01  -8.6369025e-01
   2.0000000e+00   1.0682666e+00  -9.9628014e-01   9.7736696e-01   6.2771469e-01   1.3902973e+00  -8.6964415e-01
   2.0000000e+00   2.6476425e-02   1.0820924e-01   4.1498232e-01   1.1706750e+00  -2.2419907e+00  -1.5544286e+00
   2.0000000e+00   1.7150078e-01  -5.3096100e-01  -7.6791067e-01   1.2490379e+00  -5.1715764e-02  -9.2262622e-01
   2.0000000e+00   7.1342940e-01   4.5350987e-01   1.3036744e+00  -1.0384471e+00   9.4448857e-01  -4.8620303e-01
   2.0000000e+00   6.4495696e-01  -8.9456587e-01   1.1548641e+00  -1.0615166e+00  -1.7773931e+00   2.0827308e+00
   2.0000000e+00  -1.9558030e+00  -3.0915875e-01   7.1618173e-01   7.4049264e-01   1.1718162e+00  -6.1772469e-01
   2.0000000e+00   3.0732095e-01   2.4456247e-01  -1.0943602e+00   5.8091832e-01   2.1031332e-01   1.8744934e+00
   2.0000000e+00  -2.3275045e-01  -2.4647523e+00  -4.9522267e-01   5.4971750e-02  -1.7341552e+00   4.1532628e-01
   2.0000000e+00  -1.2598501e+00   2.3616488e-01  -4.3177771e-01   9.8320509e-01  -6.3931499e-02  -8.6135931e-01
   2.0000000e+00  -1.5345977e+00  -8.0536136e-01  -1.3309270e+00  -9.3406718e-01  -1.8011693e+00  -2.3060289e-01
   2.0000000e+00  -1.2792015e+00   4.2214336e-02  -2.4266714e-01   5.1569258e-01  -1.6224841e-01   1.9169894e+00
   2.0000000e+00   7.9739454e-01   1.3211980e+00  -1.7910305e+00   5.2722674e-02  -1.3973191e+00  -3.9990468e-01
   2.0000000e+00  -9.8812866e-01   1.9918640e-01  -5.7441971e-01  -1.1978170e+00   6.8870688e-01  -2.8267050e-01
   2.0000000e+00  -7.4313593e-01  -4.8938124e-01  -6.9901612e-01   1.3537738e+00   1.3184600e+00   7.3706077e-01
   2.0000000e+00  -1.6139823e-01   4.6359052e-01  -4.5592192e-01  -8.4802306e-02   4.8417102e-03   6.7672814e-01
   2.0000000e+00  -7.3302339e-01  -3.1465154e-01   1.5863147e+00  -1.1459167e-01   1.8588416e-01  -1.0763111e-01
   2.0000000e+00   1.1776006e+00   2.0080645e+00  -3.9866853e-04  -1.5947811e+00   9.4916147e-01   6.9537798e-01
   2.0000000e+00  -9.0508446e-02   6.2235256e-01   5.3003293e-02   5.0942716e-01  -1.2787736e+00   3.9716956e-01
   2.0000000e+00  -4.1068813e-02   3.8271071e-02  -1.3660570e+00  -6.9730250e-01  -7.1662406e-01   4.9192391e-01
   2.0000000e+00   1.4168615e+00   1.4204173e+00  -1.8296315e+00  -1.1603915e-01  -1.6325968e+00  -7.6250293e-02
   1.0000000e+00  -4.1743742e-01   1.0566247e+00   1.3393409e-01   3.4565085e-01   2.5525822e-01   9.2381829e-01
   2.0000000e+00   1.2617831e+00   3.1631082e-01   6.5269958e-01  -8.1009132e-01   5.1147329e-01  -2.3712787e+00
   2.0000000e+00  -9.6758338e-01   1.0600906e+00  -1.0353115e-01   1.2485248e+00  -1.4230323e+00  -2.7519918e+00
   2.0000000e+00  -1.7130093e-01   1.4918716e+00  -1.0181352e+00  -8.8705066e-02   2.0827213e-01  -1.8147438e+00
   2.0000000e+00   6.0769199e-01  -1.5656170e-01   9.8796527e-01   8.5896787e-01   1.5651727e+00  -1.2329232e+00
   2.0000000e+00   9.4049701e-01  -7.0123188e-01  -9.3805582e-01  -2.7408683e-01   9.4959993e-01  -7.3562809e-01
   2.0000000e+00   2.5451108e-01  -7.1090868e-01  -1.8387686e-01   6.0136117e-01   4.0968118e-01  -1.3678452e+00
   2.0000000e+00  -4.1568974e-01  -2.0355328e-01   1.6340365e+00   4.9610762e-01  -8.0775902e-01   4.8567630e-01
   2.0000000e+00   4.4444379e-01   1.0281862e-01   1.2674292e+00  -7.8400387e-01  -5.3325288e-01   1.4417260e+00
   2.0000000e+00   3.4195839e-02   2.4253087e-01   2.4302354e+00  -5.5960407e-01  -8.5270843e-01   6.1608669e-01
   2.0000000e+00   1.0632353e+00   1.4793622e+00  -7.7844547e-01   3.2677621e-01  -9.3805883e-01   3.3632223e-01
   2.0000000e+00  -1.0402523e-01  -3.1000740e-01   1.0824924e+00  -6.8990996e-01   5.0955911e-01   4.6500674e-01
   2.0000000e+00   6.1282397e-01   1.3895352e+00  -8.8920181e-01   6.0657612e-02  -1.7899299e+00   6.3114705e-01
   2.0000000e+00   1.2597638e+00  -2.8457353e-01  -8.4818186e-01   7.4455761e-02   1.1111650e+00  -1.1759816e+00
   2.0000000e+00  -2.9556599e-01   2.6899254e-01  -3.4771453e-01   9.5035937e-01  -1.7215915e+00   8.7385385e-01
   2.0000000e+00  -5.7789783e-01  -2.4367777e+00  -9.7816673e-01  -6.9812644e-01   8.7334639e-01   6.9843635e-01
   2.0000000e+00  -2.5770267e-01  -1.4136883e+00   9.4682854e-01  -3.1820809e-01   1.4632596e+00  -2.0036858e+00
   2.0000000e+00  -1.0442579e+00   9.7506571e-01  -4.4689656e-01   1.1570248e+00   5.0145058e-01  -8.8085300e-01
   1.0000000e+00   6.2222025e-01  -4.3873387e-01   5.4695753e-02  -7.1077639e-01  -2.3498472e-01  -4.8309526e-01
   2.0000000e+00  -5.1324714e-01  -6.3656521e-01  -1.0833513e+00  -1.0644000e+00  -7.0820890e-01  -4.4514758e-01
   2.0000000e+00  -9.0168165e-01   8.1490927e-01  -9.2873616e-01   1.5860887e-01   1.2468332e+00  -7.0693780e-01
   2.0000000e+00   2.1138878e-01   5.3101543e-01  -6.3498628e-01  -1.8227499e+00  -1.6405782e-01   4.9376593e-01
   1.0000000e+00   1.6070799e+00  -7.8358961e-01   4.1835189e-01   1.7335614e-01  -1.5944578e-01  -3.0343519e-01
   1.0000000e+00  -5.9839820e-02   5.7664631e-01   3.4904894e-01   4.6239013e-01  -4.7532585e-01   9.6230274e-01
   2.0000000e+00   9.2228209e-01   5.7537344e-01  -7.3324719e-01  -1.2390572e+00  -7.6641402e-01   4.8136128e-02
   1.0000000e+00  -1.1695724e-01  -1.4111066e+00   9.1606356e-02   1.8465814e+00   7.4657173e-01   3.8423718e-01
   2.0000000e+00  -8.4180252e-01   3.1920156e-01  -9.3177984e-02   6.9502590e-01   2.9946718e-01   7.8012147e-01
   2.0000000e+00   1.5266430e-01  -4.1497824e-01  -5.0454089e-01  -1.0196072e+00   4.1775997e-01  -3.3107915e-01
   2.0000000e+00   2.2622843e+00   9.1472525e-01  -6.0579167e-01  -8.6634746e-01  -1.2076608e+00   2.6648783e-01
   2.0000000e+00   6.2346148e-01  -1.1690783e-01  -1.0043115e-02  -7.6473777e-02  -2.7970051e-01   5.9372778e-01
   2.0000000e+00   1.6879115e+00  -1.3114470e+00   1.5157622e+00  -1.5764272e-01   8.5861291e-01  -9.2048061e-01
   2.0000000e+00  -9.5224537e-01   5.5478586e-01   4.5950920e-01   8.2026998e-01  -1.0248098e+00   1.4481126e+00
   2.0000000e+00   1.1426661e+00   1.6069306e+00  -2.2983774e+00  -1.0335236e+00  -5.7531819e-01  -4.7002680e-01
   2.0000000e+00   1.8326164e-01   3.8021048e-02  -6.5660326e-01   1.3856463e-01  -3.1905388e-01   2.2940594e+00
   2.0000000e+00  -1.6700988e+00   3.9183186e-01  -2.8025521e-02   7.7579603e-01   1.4062982e+00   1.2731938e+00
   2.0000000e+00  -2.2052880e-01  -1.1320894e+00   8.5339035e-01  -1.9517216e+00   1.7765726e+00   6.1949313e-02
